4 -1 33 -1  #SUP: 3201
4 -1 34 -1 15 -1  #SUP: 3335
4 -1 21 -1 10 -1  #SUP: 3190
4 -1 21 -1 15 -1  #SUP: 3680
4 -1 13 -1  #SUP: 3777
4 -1 53 -1 15 -1  #SUP: 3410
4 -1 10 -1 23 -1  #SUP: 3257
4 -1 10 -1 53 -1  #SUP: 2797
4 -1 10 -1 40 -1 15 -1  #SUP: 2738
4 -1 18 -1 15 -1  #SUP: 3595
4 -1 5 -1  #SUP: 2982
4 -1 174 -1 15 -1  #SUP: 3600
5 -1 34 -1  #SUP: 2652
5 -1 23 -1  #SUP: 2717
5 -1 21 -1  #SUP: 3147
5 -1 53 -1  #SUP: 3296
5 -1 10 -1 15 -1  #SUP: 3419
5 -1 18 -1  #SUP: 3020
5 -1 40 -1  #SUP: 2850
5 -1 174 -1  #SUP: 3467
9 -1 15 -1  #SUP: 2865
10 -1 33 -1 23 -1  #SUP: 3565
10 -1 33 -1 15 -1  #SUP: 4972
10 -1 34 -1 23 -1  #SUP: 3447
10 -1 30 -1 15 -1  #SUP: 2976
10 -1 21 -1 15 -1  #SUP: 3702
10 -1 198 -1 23 -1 15 -1  #SUP: 2715
10 -1 13 -1 23 -1  #SUP: 2997
10 -1 53 -1 34 -1 15 -1  #SUP: 2893
10 -1 53 -1 13 -1  #SUP: 2719
10 -1 53 -1 18 -1  #SUP: 2690
10 -1 53 -1 40 -1 23 -1  #SUP: 2995
10 -1 53 -1 40 -1 15 -1  #SUP: 3219
10 -1 10 -1 23 -1  #SUP: 4119
10 -1 10 -1 40 -1 15 -1  #SUP: 3532
10 -1 264 -1  #SUP: 2883
10 -1 189 -1 15 -1  #SUP: 3294
10 -1 222 -1  #SUP: 2769
10 -1 18 -1 34 -1  #SUP: 2975
10 -1 18 -1 23 -1  #SUP: 4016
10 -1 225 -1  #SUP: 3027
10 -1 40 -1 33 -1  #SUP: 2643
10 -1 40 -1 34 -1 15 -1  #SUP: 3641
10 -1 40 -1 13 -1  #SUP: 3147
10 -1 40 -1 10 -1 15 -1  #SUP: 2642
10 -1 40 -1 18 -1 15 -1  #SUP: 2758
10 -1 40 -1 40 -1  #SUP: 3290
10 -1 41 -1 15 -1  #SUP: 3303
10 -1 179 -1 15 -1  #SUP: 3070
10 -1 174 -1 23 -1  #SUP: 3856
10 -1 174 -1 15 -1  #SUP: 5002
10 -1 174 -1 18 -1  #SUP: 3221
10 -1 174 -1 40 -1  #SUP: 3297
13 -1 34 -1 15 -1  #SUP: 2967
13 -1 10 -1  #SUP: 3611
13 -1 18 -1 15 -1  #SUP: 2798
13 -1 40 -1  #SUP: 2801
17 -1 15 -1  #SUP: 3324
17 -1 18 -1  #SUP: 3370
18 -1 33 -1 23 -1  #SUP: 3086
18 -1 33 -1 15 -1  #SUP: 4402
18 -1 34 -1 23 -1  #SUP: 2979
18 -1 34 -1 10 -1  #SUP: 2645
18 -1 34 -1 15 -1  #SUP: 5966
18 -1 23 -1 15 -1  #SUP: 2778
18 -1 21 -1  #SUP: 3194
18 -1 13 -1 15 -1  #SUP: 2661
18 -1 53 -1  #SUP: 3891
18 -1 10 -1 23 -1  #SUP: 3649
18 -1 10 -1 18 -1  #SUP: 2672
18 -1 10 -1 40 -1 15 -1  #SUP: 3270
18 -1 18 -1 15 -1  #SUP: 3406
18 -1 174 -1  #SUP: 3079
19 -1  #SUP: 3565
21 -1 33 -1 15 -1  #SUP: 3008
21 -1 34 -1 23 -1  #SUP: 3440
21 -1 34 -1 10 -1 15 -1  #SUP: 2729
21 -1 34 -1 10 -1 40 -1  #SUP: 2695
21 -1 23 -1 15 -1  #SUP: 3741
21 -1 53 -1 23 -1  #SUP: 2983
21 -1 10 -1 34 -1 15 -1  #SUP: 3348
21 -1 10 -1 13 -1 15 -1  #SUP: 2639
21 -1 10 -1 53 -1 15 -1  #SUP: 3149
21 -1 10 -1 10 -1  #SUP: 3046
21 -1 10 -1 18 -1  #SUP: 3413
21 -1 10 -1 40 -1 23 -1  #SUP: 2939
21 -1 10 -1 40 -1 15 -1  #SUP: 4343
21 -1 18 -1 23 -1  #SUP: 3015
21 -1 18 -1 15 -1  #SUP: 4338
21 -1 40 -1 34 -1  #SUP: 2682
21 -1 40 -1 10 -1  #SUP: 2709
21 -1 41 -1 15 -1  #SUP: 2626
21 -1 174 -1  #SUP: 3120
22 -1  #SUP: 3703
23 -1 34 -1 15 -1  #SUP: 2636
23 -1 23 -1  #SUP: 3748
30 -1 33 -1 15 -1  #SUP: 3033
30 -1 34 -1 15 -1  #SUP: 3801
30 -1 23 -1  #SUP: 3539
30 -1 10 -1  #SUP: 3074
30 -1 18 -1 15 -1  #SUP: 3131
31 -1 15 -1  #SUP: 3372
31 -1 18 -1  #SUP: 2825
32 -1 18 -1  #SUP: 2654
33 -1 33 -1 23 -1  #SUP: 2749
33 -1 33 -1 15 -1  #SUP: 3270
33 -1 34 -1 23 -1  #SUP: 2992
33 -1 34 -1 15 -1  #SUP: 4648
33 -1 21 -1 34 -1  #SUP: 2729
33 -1 21 -1 23 -1  #SUP: 3076
33 -1 21 -1 10 -1  #SUP: 2767
33 -1 21 -1 15 -1  #SUP: 4652
33 -1 198 -1 23 -1 15 -1  #SUP: 3233
33 -1 13 -1 15 -1  #SUP: 2966
33 -1 53 -1 15 -1  #SUP: 3702
33 -1 10 -1 34 -1  #SUP: 2826
33 -1 10 -1 23 -1  #SUP: 3400
33 -1 10 -1 40 -1 15 -1  #SUP: 2961
33 -1 18 -1 15 -1  #SUP: 3611
33 -1 40 -1 23 -1  #SUP: 2849
34 -1 33 -1 23 -1  #SUP: 2857
34 -1 33 -1 15 -1  #SUP: 3313
34 -1 30 -1  #SUP: 2847
34 -1 21 -1 15 -1  #SUP: 2633
34 -1 198 -1 23 -1 15 -1  #SUP: 2972
34 -1 13 -1  #SUP: 2877
34 -1 53 -1 15 -1  #SUP: 2931
34 -1 10 -1 33 -1  #SUP: 2713
34 -1 10 -1 34 -1 15 -1  #SUP: 4014
34 -1 10 -1 53 -1  #SUP: 3207
34 -1 10 -1 10 -1  #SUP: 3003
34 -1 10 -1 18 -1  #SUP: 3254
34 -1 10 -1 40 -1 23 -1  #SUP: 3073
34 -1 10 -1 40 -1 15 -1  #SUP: 3961
34 -1 18 -1 15 -1  #SUP: 3713
34 -1 40 -1 34 -1  #SUP: 2627
35 -1  #SUP: 4142
40 -1 33 -1 15 -1  #SUP: 2773
40 -1 23 -1 15 -1  #SUP: 2915
40 -1 13 -1 15 -1  #SUP: 3102
40 -1 53 -1  #SUP: 3001
40 -1 10 -1 23 -1  #SUP: 2988
40 -1 10 -1 40 -1  #SUP: 3172
40 -1 40 -1 15 -1  #SUP: 2886
40 -1 41 -1  #SUP: 2751
41 -1 23 -1  #SUP: 3719
41 -1 10 -1  #SUP: 3452
46 -1 10 -1  #SUP: 3186
46 -1 15 -1  #SUP: 3151
46 -1 174 -1  #SUP: 2685
53 -1 33 -1  #SUP: 2788
53 -1 21 -1 23 -1  #SUP: 2960
53 -1 21 -1 10 -1  #SUP: 3354
53 -1 21 -1 15 -1  #SUP: 4612
53 -1 13 -1 15 -1  #SUP: 3755
53 -1 53 -1 15 -1  #SUP: 3315
53 -1 10 -1 23 -1  #SUP: 4138
53 -1 10 -1 53 -1  #SUP: 2781
53 -1 10 -1 18 -1  #SUP: 2906
53 -1 10 -1 40 -1 15 -1  #SUP: 3263
53 -1 189 -1  #SUP: 3268
53 -1 18 -1 23 -1  #SUP: 3281
53 -1 18 -1 15 -1  #SUP: 4575
53 -1 41 -1  #SUP: 3673
53 -1 174 -1  #SUP: 2815
54 -1 15 -1  #SUP: 2789
66 -1  #SUP: 3730
73 -1 34 -1  #SUP: 3243
73 -1 21 -1 10 -1  #SUP: 2916
73 -1 238 -1  #SUP: 3303
73 -1 13 -1  #SUP: 2796
73 -1 53 -1 15 -1  #SUP: 2913
73 -1 10 -1 23 -1  #SUP: 2895
73 -1 10 -1 15 -1  #SUP: 4098
73 -1 10 -1 40 -1  #SUP: 2880
73 -1 18 -1  #SUP: 4628
73 -1 174 -1  #SUP: 4371
78 -1 10 -1  #SUP: 3807
78 -1 15 -1  #SUP: 3733
78 -1 18 -1  #SUP: 2940
78 -1 174 -1  #SUP: 3110
86 -1  #SUP: 2631
90 -1  #SUP: 2974
92 -1  #SUP: 2971
94 -1  #SUP: 3778
99 -1 10 -1  #SUP: 2977
99 -1 15 -1  #SUP: 2644
101 -1 34 -1 15 -1  #SUP: 2761
101 -1 23 -1  #SUP: 2875
101 -1 21 -1  #SUP: 2974
101 -1 53 -1  #SUP: 2860
101 -1 10 -1 15 -1  #SUP: 3552
101 -1 18 -1  #SUP: 3385
101 -1 40 -1  #SUP: 2655
101 -1 174 -1  #SUP: 3564
104 -1  #SUP: 3410
107 -1 33 -1 15 -1  #SUP: 2619
107 -1 21 -1 15 -1  #SUP: 3650
107 -1 13 -1 15 -1  #SUP: 2994
107 -1 53 -1 15 -1  #SUP: 3745
107 -1 10 -1 34 -1  #SUP: 3078
107 -1 10 -1 23 -1  #SUP: 3442
107 -1 10 -1 53 -1  #SUP: 2839
107 -1 10 -1 18 -1  #SUP: 2832
107 -1 10 -1 40 -1  #SUP: 3736
107 -1 10 -1 174 -1  #SUP: 3115
107 -1 189 -1  #SUP: 3161
107 -1 101 -1  #SUP: 3081
107 -1 18 -1 15 -1  #SUP: 4599
107 -1 4 -1  #SUP: 3123
107 -1 40 -1 15 -1  #SUP: 2888
107 -1 173 -1  #SUP: 2775
107 -1 251 -1  #SUP: 2961
107 -1 174 -1 34 -1 15 -1  #SUP: 2662
107 -1 174 -1 13 -1  #SUP: 2640
107 -1 174 -1 53 -1  #SUP: 2951
107 -1 174 -1 10 -1 15 -1  #SUP: 2840
107 -1 174 -1 18 -1  #SUP: 4070
128 -1  #SUP: 3082
152 -1 33 -1  #SUP: 2738
152 -1 23 -1 15 -1  #SUP: 2725
152 -1 198 -1 23 -1  #SUP: 2707
166 -1  #SUP: 2894
172 -1 15 -1  #SUP: 2677
173 -1 34 -1 15 -1  #SUP: 3541
173 -1 23 -1  #SUP: 2890
173 -1 10 -1 15 -1  #SUP: 2809
173 -1 18 -1 15 -1  #SUP: 2749
174 -1 21 -1 15 -1  #SUP: 3655
174 -1 13 -1 15 -1  #SUP: 4016
174 -1 53 -1 23 -1  #SUP: 2859
174 -1 53 -1 15 -1  #SUP: 4165
174 -1 53 -1 18 -1  #SUP: 3369
174 -1 10 -1 23 -1  #SUP: 2865
174 -1 10 -1 40 -1  #SUP: 3123
174 -1 264 -1  #SUP: 3111
174 -1 189 -1 15 -1  #SUP: 2750
174 -1 18 -1 15 -1  #SUP: 5431
174 -1 18 -1 23 -1  #SUP: 3406
174 -1 225 -1  #SUP: 2784
174 -1 40 -1 15 -1  #SUP: 3789
174 -1 40 -1 23 -1  #SUP: 2621
174 -1 9 -1  #SUP: 2692
174 -1 41 -1  #SUP: 2965
174 -1 174 -1  #SUP: 2741
175 -1  #SUP: 2935
178 -1  #SUP: 4616
182 -1  #SUP: 2816
184 -1  #SUP: 3418
188 -1 23 -1  #SUP: 2761
188 -1 15 -1  #SUP: 2856
189 -1 23 -1  #SUP: 3304
189 -1 10 -1 15 -1  #SUP: 3059
189 -1 18 -1  #SUP: 3013
189 -1 40 -1  #SUP: 2717
190 -1 15 -1  #SUP: 3989
191 -1  #SUP: 3626
194 -1 15 -1  #SUP: 3014
195 -1 15 -1  #SUP: 3227
198 -1 33 -1  #SUP: 2624
198 -1 21 -1  #SUP: 2792
200 -1  #SUP: 3643
203 -1  #SUP: 3284
207 -1  #SUP: 3149
210 -1  #SUP: 2704
216 -1  #SUP: 3059
219 -1  #SUP: 3222
222 -1 23 -1  #SUP: 2631
222 -1 15 -1  #SUP: 3192
224 -1  #SUP: 3458
225 -1 15 -1  #SUP: 3759
233 -1  #SUP: 2626
238 -1 53 -1  #SUP: 3239
238 -1 10 -1  #SUP: 3330
238 -1 174 -1  #SUP: 2737
246 -1  #SUP: 3406
251 -1 10 -1  #SUP: 2830
251 -1 15 -1  #SUP: 3234
251 -1 174 -1  #SUP: 2708
264 -1 15 -1  #SUP: 3268
264 -1 18 -1  #SUP: 3795
312 -1 15 -1  #SUP: 2638
429 -1  #SUP: 2784
517 -1  #SUP: 2853
523 -1 34 -1  #SUP: 2626
634 -1  #SUP: 4035
1700 -1 23 -1 15 -1  #SUP: 2702
1700 -1 198 -1 23 -1  #SUP: 2704
1701 -1 33 -1 23 -1 15 -1  #SUP: 3395
1701 -1 33 -1 198 -1 23 -1  #SUP: 2800
1701 -1 34 -1 15 -1  #SUP: 2835
1701 -1 34 -1 23 -1  #SUP: 2739
1701 -1 21 -1 15 -1  #SUP: 2800
1701 -1 21 -1 23 -1  #SUP: 2626
1701 -1 198 -1 23 -1 15 -1  #SUP: 3745
1701 -1 10 -1  #SUP: 2669
