2 -1 53 -1  #SUP: 1066
2 -1 10 -1 15 -1  #SUP: 1075
2 -1 18 -1  #SUP: 1057
2 -1 174 -1  #SUP: 1109
4 -1 33 -1 34 -1  #SUP: 1201
4 -1 33 -1 23 -1  #SUP: 1282
4 -1 33 -1 10 -1 15 -1  #SUP: 1133
4 -1 33 -1 18 -1  #SUP: 1119
4 -1 33 -1 40 -1  #SUP: 1253
4 -1 34 -1 34 -1  #SUP: 1136
4 -1 34 -1 23 -1  #SUP: 1571
4 -1 34 -1 10 -1 15 -1  #SUP: 1542
4 -1 34 -1 10 -1 40 -1  #SUP: 1398
4 -1 34 -1 18 -1  #SUP: 1276
4 -1 34 -1 40 -1 15 -1  #SUP: 1179
4 -1 35 -1  #SUP: 1263
4 -1 30 -1 15 -1  #SUP: 1199
4 -1 31 -1  #SUP: 1118
4 -1 22 -1  #SUP: 1085
4 -1 21 -1 34 -1 15 -1  #SUP: 1485
4 -1 21 -1 13 -1 15 -1  #SUP: 1412
4 -1 21 -1 10 -1 23 -1  #SUP: 1240
4 -1 21 -1 10 -1 53 -1  #SUP: 1159
4 -1 21 -1 10 -1 40 -1 15 -1  #SUP: 1390
4 -1 21 -1 18 -1 15 -1  #SUP: 1188
4 -1 53 -1 34 -1 15 -1  #SUP: 1137
4 -1 53 -1 21 -1 15 -1  #SUP: 1148
4 -1 53 -1 13 -1  #SUP: 1463
4 -1 53 -1 53 -1  #SUP: 1352
4 -1 53 -1 10 -1 15 -1  #SUP: 1608
4 -1 53 -1 10 -1 40 -1  #SUP: 1358
4 -1 53 -1 18 -1 15 -1  #SUP: 1147
4 -1 53 -1 40 -1 15 -1  #SUP: 1447
4 -1 54 -1  #SUP: 1047
4 -1 264 -1  #SUP: 1377
4 -1 40 -1 13 -1  #SUP: 1170
4 -1 40 -1 10 -1  #SUP: 1165
4 -1 40 -1 40 -1  #SUP: 1102
4 -1 41 -1 15 -1  #SUP: 1290
4 -1 251 -1  #SUP: 1276
4 -1 66 -1  #SUP: 1256
4 -1 194 -1  #SUP: 1134
4 -1 195 -1  #SUP: 1506
4 -1 238 -1  #SUP: 1163
4 -1 13 -1 23 -1  #SUP: 1294
4 -1 13 -1 10 -1  #SUP: 1112
4 -1 13 -1 18 -1  #SUP: 1113
4 -1 10 -1 33 -1  #SUP: 1295
4 -1 10 -1 34 -1 15 -1  #SUP: 1901
4 -1 10 -1 21 -1  #SUP: 1100
4 -1 10 -1 13 -1 15 -1  #SUP: 1384
4 -1 10 -1 53 -1 23 -1  #SUP: 1168
4 -1 10 -1 53 -1 15 -1  #SUP: 1803
4 -1 10 -1 53 -1 40 -1  #SUP: 1331
4 -1 10 -1 10 -1 15 -1  #SUP: 1223
4 -1 10 -1 10 -1 40 -1  #SUP: 1195
4 -1 10 -1 189 -1  #SUP: 1108
4 -1 10 -1 18 -1 15 -1  #SUP: 1782
4 -1 10 -1 40 -1 34 -1  #SUP: 1051
4 -1 10 -1 40 -1 23 -1  #SUP: 1823
4 -1 10 -1 40 -1 18 -1  #SUP: 1152
4 -1 10 -1 174 -1 15 -1  #SUP: 1494
4 -1 10 -1 174 -1 40 -1  #SUP: 1062
4 -1 188 -1  #SUP: 1798
4 -1 101 -1 34 -1  #SUP: 1124
4 -1 101 -1 10 -1 15 -1  #SUP: 1128
4 -1 189 -1 10 -1  #SUP: 1097
4 -1 189 -1 15 -1  #SUP: 1590
4 -1 222 -1  #SUP: 1088
4 -1 17 -1  #SUP: 1205
4 -1 18 -1 33 -1  #SUP: 1117
4 -1 18 -1 34 -1 15 -1  #SUP: 1505
4 -1 18 -1 23 -1  #SUP: 2022
4 -1 18 -1 13 -1  #SUP: 1189
4 -1 18 -1 10 -1 15 -1  #SUP: 1448
4 -1 18 -1 10 -1 40 -1  #SUP: 1300
4 -1 18 -1 18 -1  #SUP: 1349
4 -1 18 -1 40 -1 15 -1  #SUP: 1076
4 -1 107 -1  #SUP: 1115
4 -1 225 -1  #SUP: 1380
4 -1 5 -1 34 -1  #SUP: 1087
4 -1 5 -1 21 -1  #SUP: 1430
4 -1 5 -1 53 -1  #SUP: 1361
4 -1 5 -1 10 -1 15 -1  #SUP: 1361
4 -1 5 -1 10 -1 40 -1  #SUP: 1092
4 -1 5 -1 18 -1  #SUP: 1101
4 -1 5 -1 174 -1  #SUP: 1138
4 -1 9 -1  #SUP: 1223
4 -1 178 -1  #SUP: 1332
4 -1 179 -1  #SUP: 1451
4 -1 173 -1  #SUP: 1720
4 -1 174 -1 34 -1 15 -1  #SUP: 1196
4 -1 174 -1 23 -1  #SUP: 2006
4 -1 174 -1 21 -1 15 -1  #SUP: 1064
4 -1 174 -1 13 -1 15 -1  #SUP: 1053
4 -1 174 -1 53 -1 15 -1  #SUP: 1154
4 -1 174 -1 10 -1 15 -1  #SUP: 1253
4 -1 174 -1 18 -1 15 -1  #SUP: 1368
4 -1 174 -1 40 -1 15 -1  #SUP: 1128
5 -1 33 -1 15 -1  #SUP: 1232
5 -1 34 -1 15 -1  #SUP: 1668
5 -1 21 -1 34 -1  #SUP: 1059
5 -1 21 -1 23 -1  #SUP: 1151
5 -1 21 -1 10 -1 15 -1  #SUP: 1103
5 -1 21 -1 40 -1  #SUP: 1192
5 -1 53 -1 23 -1  #SUP: 1304
5 -1 53 -1 10 -1  #SUP: 1352
5 -1 53 -1 15 -1  #SUP: 1729
5 -1 53 -1 18 -1  #SUP: 1273
5 -1 53 -1 40 -1  #SUP: 1196
5 -1 40 -1 23 -1  #SUP: 1086
5 -1 41 -1  #SUP: 1615
5 -1 13 -1  #SUP: 1828
5 -1 10 -1 34 -1  #SUP: 1219
5 -1 10 -1 23 -1  #SUP: 1871
5 -1 10 -1 53 -1  #SUP: 1542
5 -1 10 -1 18 -1  #SUP: 1530
5 -1 10 -1 40 -1 15 -1  #SUP: 1633
5 -1 10 -1 174 -1  #SUP: 1592
5 -1 189 -1  #SUP: 1554
5 -1 18 -1 23 -1  #SUP: 1051
5 -1 18 -1 15 -1  #SUP: 1659
5 -1 174 -1 23 -1  #SUP: 1220
5 -1 174 -1 53 -1  #SUP: 1319
5 -1 174 -1 10 -1  #SUP: 1381
5 -1 174 -1 15 -1  #SUP: 1886
5 -1 174 -1 18 -1  #SUP: 1346
5 -1 174 -1 40 -1  #SUP: 1189
8 -1  #SUP: 1599
9 -1 23 -1  #SUP: 1540
10 -1 33 -1 33 -1 23 -1  #SUP: 1138
10 -1 33 -1 23 -1 34 -1 15 -1  #SUP: 1230
10 -1 33 -1 21 -1 15 -1  #SUP: 1633
10 -1 33 -1 13 -1 15 -1  #SUP: 1263
10 -1 33 -1 53 -1 23 -1  #SUP: 1049
10 -1 33 -1 53 -1 40 -1 15 -1  #SUP: 1055
10 -1 33 -1 10 -1 33 -1 15 -1  #SUP: 1109
10 -1 33 -1 10 -1 34 -1  #SUP: 1056
10 -1 33 -1 10 -1 23 -1 15 -1  #SUP: 1126
10 -1 33 -1 10 -1 40 -1 15 -1  #SUP: 1150
10 -1 33 -1 18 -1 15 -1  #SUP: 1544
10 -1 33 -1 40 -1 33 -1  #SUP: 1116
10 -1 33 -1 40 -1 34 -1 15 -1  #SUP: 1078
10 -1 33 -1 40 -1 23 -1 15 -1  #SUP: 1179
10 -1 33 -1 40 -1 10 -1  #SUP: 1145
10 -1 33 -1 41 -1 15 -1  #SUP: 1143
10 -1 34 -1 33 -1 34 -1  #SUP: 1052
10 -1 34 -1 33 -1 23 -1 15 -1  #SUP: 1209
10 -1 34 -1 21 -1 15 -1  #SUP: 1227
10 -1 34 -1 13 -1 15 -1  #SUP: 1222
10 -1 34 -1 10 -1 33 -1 23 -1  #SUP: 1103
10 -1 34 -1 10 -1 33 -1 15 -1  #SUP: 1331
10 -1 34 -1 10 -1 34 -1 15 -1  #SUP: 1245
10 -1 34 -1 10 -1 198 -1 23 -1 15 -1  #SUP: 1089
10 -1 34 -1 10 -1 53 -1 15 -1  #SUP: 1047
10 -1 34 -1 10 -1 10 -1 23 -1  #SUP: 1071
10 -1 34 -1 10 -1 10 -1 15 -1  #SUP: 1154
10 -1 34 -1 10 -1 40 -1 23 -1  #SUP: 1257
10 -1 34 -1 40 -1 33 -1  #SUP: 1152
10 -1 34 -1 40 -1 34 -1 15 -1  #SUP: 1126
10 -1 34 -1 40 -1 23 -1 15 -1  #SUP: 1103
10 -1 34 -1 40 -1 10 -1  #SUP: 1096
10 -1 34 -1 41 -1  #SUP: 1126
10 -1 35 -1  #SUP: 1440
10 -1 30 -1 33 -1  #SUP: 1126
10 -1 30 -1 23 -1  #SUP: 1282
10 -1 30 -1 10 -1  #SUP: 1190
10 -1 30 -1 18 -1 15 -1  #SUP: 1394
10 -1 30 -1 40 -1 15 -1  #SUP: 1049
10 -1 31 -1 34 -1 15 -1  #SUP: 1065
10 -1 31 -1 18 -1  #SUP: 1138
10 -1 32 -1  #SUP: 1063
10 -1 206 -1 34 -1  #SUP: 1142
10 -1 206 -1 15 -1  #SUP: 1746
10 -1 206 -1 18 -1  #SUP: 1117
10 -1 207 -1 15 -1  #SUP: 1090
10 -1 203 -1 23 -1  #SUP: 1118
10 -1 203 -1 15 -1  #SUP: 1327
10 -1 523 -1 15 -1  #SUP: 1174
10 -1 22 -1 15 -1  #SUP: 1308
10 -1 66 -1  #SUP: 1412
10 -1 23 -1 33 -1 15 -1  #SUP: 1255
10 -1 23 -1 23 -1  #SUP: 1613
10 -1 23 -1 21 -1 15 -1  #SUP: 1047
10 -1 23 -1 18 -1  #SUP: 1088
10 -1 68 -1 15 -1  #SUP: 1403
10 -1 21 -1 34 -1 15 -1  #SUP: 1592
10 -1 21 -1 23 -1 15 -1  #SUP: 1310
10 -1 21 -1 13 -1 15 -1  #SUP: 1103
10 -1 21 -1 18 -1  #SUP: 1238
10 -1 198 -1 33 -1 23 -1 15 -1  #SUP: 1231
10 -1 198 -1 23 -1 34 -1 15 -1  #SUP: 1187
10 -1 194 -1 15 -1  #SUP: 1631
10 -1 195 -1 23 -1  #SUP: 1130
10 -1 195 -1 15 -1  #SUP: 1605
10 -1 195 -1 40 -1  #SUP: 1096
10 -1 230 -1  #SUP: 1231
10 -1 517 -1  #SUP: 1563
10 -1 634 -1 23 -1  #SUP: 1070
10 -1 634 -1 15 -1  #SUP: 1711
10 -1 799 -1  #SUP: 1130
10 -1 190 -1 34 -1 15 -1  #SUP: 1068
10 -1 190 -1 23 -1  #SUP: 1097
10 -1 190 -1 53 -1 15 -1  #SUP: 1135
10 -1 191 -1 15 -1  #SUP: 1249
10 -1 13 -1 34 -1 15 -1  #SUP: 1576
10 -1 13 -1 10 -1 15 -1  #SUP: 1106
10 -1 13 -1 18 -1 15 -1  #SUP: 1245
10 -1 13 -1 40 -1 15 -1  #SUP: 1195
10 -1 192 -1  #SUP: 1166
10 -1 53 -1 33 -1 23 -1  #SUP: 1057
10 -1 53 -1 34 -1 23 -1  #SUP: 1217
10 -1 53 -1 21 -1 15 -1  #SUP: 1457
10 -1 53 -1 198 -1 33 -1 15 -1  #SUP: 1128
10 -1 53 -1 53 -1 15 -1  #SUP: 1738
10 -1 53 -1 10 -1 33 -1 15 -1  #SUP: 1049
10 -1 53 -1 10 -1 198 -1 23 -1 15 -1  #SUP: 1047
10 -1 53 -1 10 -1 40 -1 15 -1  #SUP: 1105
10 -1 53 -1 189 -1  #SUP: 1441
10 -1 53 -1 222 -1  #SUP: 1087
10 -1 53 -1 184 -1  #SUP: 1257
10 -1 53 -1 18 -1 23 -1  #SUP: 1366
10 -1 53 -1 18 -1 15 -1  #SUP: 1655
10 -1 53 -1 40 -1 33 -1 15 -1  #SUP: 1200
10 -1 53 -1 40 -1 34 -1 15 -1  #SUP: 1502
10 -1 53 -1 40 -1 10 -1 23 -1  #SUP: 1252
10 -1 53 -1 40 -1 10 -1 15 -1  #SUP: 1252
10 -1 53 -1 40 -1 18 -1  #SUP: 1515
10 -1 53 -1 40 -1 40 -1  #SUP: 1324
10 -1 53 -1 40 -1 41 -1  #SUP: 1145
10 -1 53 -1 41 -1 23 -1  #SUP: 1105
10 -1 53 -1 41 -1 15 -1  #SUP: 1376
10 -1 54 -1 15 -1  #SUP: 1229
10 -1 10 -1 33 -1 34 -1 15 -1  #SUP: 1180
10 -1 10 -1 33 -1 40 -1  #SUP: 1092
10 -1 10 -1 34 -1 23 -1  #SUP: 1134
10 -1 10 -1 34 -1 10 -1  #SUP: 1086
10 -1 10 -1 30 -1  #SUP: 1085
10 -1 10 -1 21 -1 15 -1  #SUP: 1290
10 -1 10 -1 198 -1 33 -1 15 -1  #SUP: 1096
10 -1 10 -1 13 -1 15 -1  #SUP: 1191
10 -1 10 -1 53 -1 23 -1  #SUP: 1252
10 -1 10 -1 53 -1 40 -1 15 -1  #SUP: 1182
10 -1 10 -1 10 -1 33 -1 15 -1  #SUP: 1281
10 -1 10 -1 10 -1 34 -1  #SUP: 1050
10 -1 10 -1 10 -1 23 -1 15 -1  #SUP: 1270
10 -1 10 -1 10 -1 40 -1  #SUP: 1158
10 -1 10 -1 189 -1 15 -1  #SUP: 1322
10 -1 10 -1 222 -1 15 -1  #SUP: 1058
10 -1 10 -1 18 -1 15 -1  #SUP: 1379
10 -1 10 -1 40 -1 33 -1 15 -1  #SUP: 1323
10 -1 10 -1 40 -1 34 -1 15 -1  #SUP: 1414
10 -1 10 -1 40 -1 23 -1 15 -1  #SUP: 1399
10 -1 10 -1 40 -1 198 -1 23 -1  #SUP: 1093
10 -1 10 -1 40 -1 10 -1 23 -1  #SUP: 1132
10 -1 10 -1 40 -1 10 -1 15 -1  #SUP: 1349
10 -1 10 -1 40 -1 40 -1 15 -1  #SUP: 1099
10 -1 10 -1 41 -1 15 -1  #SUP: 1132
10 -1 10 -1 179 -1  #SUP: 1162
10 -1 19 -1 15 -1  #SUP: 1372
10 -1 187 -1  #SUP: 1214
10 -1 264 -1 15 -1  #SUP: 1458
10 -1 264 -1 18 -1 23 -1  #SUP: 1081
10 -1 264 -1 40 -1  #SUP: 1303
10 -1 188 -1 23 -1  #SUP: 1198
10 -1 188 -1 15 -1  #SUP: 1509
10 -1 265 -1 23 -1  #SUP: 1081
10 -1 189 -1 23 -1  #SUP: 1349
10 -1 189 -1 40 -1 15 -1  #SUP: 1452
10 -1 222 -1 34 -1  #SUP: 1071
10 -1 222 -1 203 -1  #SUP: 1094
10 -1 222 -1 23 -1  #SUP: 1489
10 -1 222 -1 13 -1  #SUP: 1054
10 -1 222 -1 40 -1 15 -1  #SUP: 1217
10 -1 223 -1  #SUP: 1238
10 -1 184 -1 15 -1  #SUP: 1550
10 -1 17 -1 15 -1  #SUP: 1220
10 -1 185 -1 34 -1 15 -1  #SUP: 1234
10 -1 185 -1 13 -1  #SUP: 1057
10 -1 18 -1 33 -1 15 -1  #SUP: 1374
10 -1 18 -1 53 -1  #SUP: 1171
10 -1 18 -1 10 -1 23 -1  #SUP: 1345
10 -1 18 -1 10 -1 15 -1  #SUP: 1276
10 -1 18 -1 10 -1 40 -1  #SUP: 1163
10 -1 18 -1 18 -1  #SUP: 1304
10 -1 18 -1 40 -1 15 -1  #SUP: 1414
10 -1 224 -1 15 -1  #SUP: 1089
10 -1 180 -1 15 -1  #SUP: 1279
10 -1 40 -1 33 -1 34 -1 15 -1  #SUP: 1226
10 -1 40 -1 34 -1 33 -1 15 -1  #SUP: 1099
10 -1 40 -1 34 -1 34 -1 15 -1  #SUP: 1119
10 -1 40 -1 34 -1 53 -1  #SUP: 1071
10 -1 40 -1 34 -1 10 -1 33 -1  #SUP: 1048
10 -1 40 -1 34 -1 10 -1 23 -1 15 -1  #SUP: 1083
10 -1 40 -1 34 -1 10 -1 40 -1 15 -1  #SUP: 1206
10 -1 40 -1 30 -1  #SUP: 1142
10 -1 40 -1 23 -1 34 -1 15 -1  #SUP: 1193
10 -1 40 -1 198 -1 33 -1 23 -1  #SUP: 1105
10 -1 40 -1 198 -1 21 -1 15 -1  #SUP: 1109
10 -1 40 -1 194 -1  #SUP: 1144
10 -1 40 -1 13 -1 23 -1  #SUP: 1337
10 -1 40 -1 53 -1 23 -1  #SUP: 1391
10 -1 40 -1 10 -1 33 -1 23 -1 15 -1  #SUP: 1077
10 -1 40 -1 10 -1 198 -1 23 -1 15 -1  #SUP: 1176
10 -1 40 -1 10 -1 53 -1  #SUP: 1138
10 -1 40 -1 10 -1 10 -1 15 -1  #SUP: 1197
10 -1 40 -1 10 -1 40 -1 23 -1  #SUP: 1591
10 -1 40 -1 189 -1 15 -1  #SUP: 1229
10 -1 40 -1 222 -1 15 -1  #SUP: 1055
10 -1 40 -1 18 -1 34 -1 15 -1  #SUP: 1110
10 -1 40 -1 18 -1 23 -1  #SUP: 1574
10 -1 40 -1 40 -1 33 -1  #SUP: 1061
10 -1 40 -1 40 -1 34 -1 15 -1  #SUP: 1049
10 -1 40 -1 40 -1 23 -1 15 -1  #SUP: 1083
10 -1 40 -1 40 -1 10 -1 15 -1  #SUP: 1082
10 -1 40 -1 41 -1 23 -1  #SUP: 1478
10 -1 9 -1  #SUP: 1644
10 -1 41 -1 10 -1  #SUP: 1104
10 -1 178 -1 15 -1  #SUP: 1154
10 -1 179 -1 33 -1 15 -1  #SUP: 1168
10 -1 179 -1 30 -1  #SUP: 1065
10 -1 179 -1 23 -1 15 -1  #SUP: 1048
10 -1 179 -1 53 -1 15 -1  #SUP: 1274
10 -1 179 -1 10 -1 15 -1  #SUP: 1126
10 -1 179 -1 18 -1  #SUP: 1101
10 -1 179 -1 40 -1 23 -1  #SUP: 1291
10 -1 172 -1 23 -1  #SUP: 1527
10 -1 172 -1 15 -1  #SUP: 1641
10 -1 173 -1  #SUP: 1069
10 -1 174 -1 34 -1 15 -1  #SUP: 1066
10 -1 174 -1 13 -1  #SUP: 1673
10 -1 174 -1 53 -1 23 -1  #SUP: 1419
10 -1 174 -1 53 -1 15 -1  #SUP: 1177
10 -1 174 -1 10 -1  #SUP: 1150
10 -1 174 -1 264 -1 18 -1  #SUP: 1079
10 -1 174 -1 189 -1  #SUP: 1368
10 -1 174 -1 18 -1 23 -1  #SUP: 1812
10 -1 174 -1 18 -1 15 -1  #SUP: 1370
10 -1 174 -1 40 -1 23 -1  #SUP: 1564
10 -1 174 -1 40 -1 15 -1  #SUP: 1756
10 -1 174 -1 40 -1 18 -1  #SUP: 1110
10 -1 174 -1 41 -1  #SUP: 1054
10 -1 175 -1 15 -1  #SUP: 1688
10 -1 219 -1 23 -1  #SUP: 1214
10 -1 219 -1 15 -1  #SUP: 1462
10 -1 216 -1 15 -1  #SUP: 1199
11 -1  #SUP: 1316
12 -1 23 -1  #SUP: 1116
12 -1 15 -1  #SUP: 1169
13 -1 33 -1 15 -1  #SUP: 1409
13 -1 34 -1 23 -1  #SUP: 1314
13 -1 34 -1 10 -1 15 -1  #SUP: 1088
13 -1 34 -1 10 -1 40 -1  #SUP: 1056
13 -1 34 -1 18 -1  #SUP: 1126
13 -1 35 -1  #SUP: 1336
13 -1 198 -1 23 -1 15 -1  #SUP: 1053
13 -1 13 -1 15 -1  #SUP: 1339
13 -1 53 -1 15 -1  #SUP: 1347
13 -1 10 -1 34 -1 15 -1  #SUP: 1119
13 -1 10 -1 53 -1  #SUP: 1326
13 -1 10 -1 10 -1  #SUP: 1152
13 -1 10 -1 18 -1  #SUP: 1246
13 -1 10 -1 40 -1 23 -1  #SUP: 1063
13 -1 10 -1 40 -1 15 -1  #SUP: 1641
13 -1 18 -1 34 -1 15 -1  #SUP: 1514
13 -1 9 -1  #SUP: 1280
13 -1 40 -1 34 -1  #SUP: 1126
13 -1 41 -1 15 -1  #SUP: 1135
14 -1 15 -1  #SUP: 1404
15 -1 15 -1  #SUP: 1187
17 -1 33 -1 15 -1  #SUP: 1281
17 -1 30 -1  #SUP: 1057
17 -1 21 -1 15 -1  #SUP: 1114
17 -1 10 -1 15 -1  #SUP: 1247
17 -1 18 -1 33 -1  #SUP: 1167
17 -1 18 -1 34 -1 15 -1  #SUP: 1114
17 -1 18 -1 23 -1  #SUP: 1226
17 -1 18 -1 13 -1  #SUP: 1111
17 -1 18 -1 10 -1  #SUP: 1128
17 -1 18 -1 18 -1 15 -1  #SUP: 1075
17 -1 40 -1  #SUP: 1048
18 -1 33 -1 33 -1 23 -1  #SUP: 1085
18 -1 33 -1 33 -1 15 -1  #SUP: 1096
18 -1 33 -1 34 -1 15 -1  #SUP: 1711
18 -1 33 -1 21 -1 15 -1  #SUP: 1270
18 -1 33 -1 13 -1 15 -1  #SUP: 1247
18 -1 33 -1 53 -1 15 -1  #SUP: 1242
18 -1 33 -1 10 -1 15 -1  #SUP: 1432
18 -1 33 -1 18 -1 15 -1  #SUP: 1489
18 -1 33 -1 40 -1 15 -1  #SUP: 1284
18 -1 34 -1 33 -1 23 -1  #SUP: 1224
18 -1 34 -1 33 -1 15 -1  #SUP: 1209
18 -1 34 -1 21 -1 15 -1  #SUP: 1070
18 -1 34 -1 198 -1 23 -1 15 -1  #SUP: 1146
18 -1 34 -1 53 -1  #SUP: 1153
18 -1 34 -1 10 -1 34 -1 15 -1  #SUP: 1197
18 -1 34 -1 10 -1 23 -1  #SUP: 1419
18 -1 34 -1 10 -1 10 -1  #SUP: 1081
18 -1 34 -1 10 -1 40 -1 15 -1  #SUP: 1396
18 -1 34 -1 18 -1 15 -1  #SUP: 1262
18 -1 34 -1 40 -1 23 -1  #SUP: 1092
18 -1 35 -1  #SUP: 1898
18 -1 30 -1 33 -1  #SUP: 1066
18 -1 30 -1 34 -1 15 -1  #SUP: 1100
18 -1 30 -1 18 -1  #SUP: 1064
18 -1 31 -1  #SUP: 1068
18 -1 203 -1  #SUP: 1114
18 -1 23 -1 34 -1 15 -1  #SUP: 1181
18 -1 23 -1 23 -1  #SUP: 1359
18 -1 23 -1 18 -1  #SUP: 1106
18 -1 68 -1  #SUP: 1072
18 -1 21 -1 34 -1  #SUP: 1184
18 -1 21 -1 23 -1  #SUP: 1613
18 -1 21 -1 18 -1 15 -1  #SUP: 1128
18 -1 198 -1 33 -1 23 -1  #SUP: 1195
18 -1 198 -1 33 -1 15 -1  #SUP: 1191
18 -1 194 -1  #SUP: 1088
18 -1 191 -1  #SUP: 1277
18 -1 13 -1 34 -1  #SUP: 1082
18 -1 13 -1 18 -1  #SUP: 1280
18 -1 53 -1 34 -1  #SUP: 1073
18 -1 53 -1 23 -1  #SUP: 2039
18 -1 53 -1 10 -1  #SUP: 1411
18 -1 53 -1 18 -1  #SUP: 1548
18 -1 10 -1 33 -1 23 -1  #SUP: 1218
18 -1 10 -1 33 -1 15 -1  #SUP: 1454
18 -1 10 -1 23 -1 15 -1  #SUP: 1261
18 -1 10 -1 21 -1 15 -1  #SUP: 1053
18 -1 10 -1 13 -1 23 -1  #SUP: 1084
18 -1 10 -1 13 -1 15 -1  #SUP: 1421
18 -1 10 -1 53 -1 40 -1 15 -1  #SUP: 1070
18 -1 10 -1 10 -1 23 -1  #SUP: 1369
18 -1 10 -1 10 -1 40 -1 15 -1  #SUP: 1301
18 -1 10 -1 189 -1  #SUP: 1132
18 -1 10 -1 222 -1  #SUP: 1282
18 -1 10 -1 18 -1 23 -1  #SUP: 1382
18 -1 10 -1 18 -1 15 -1  #SUP: 1774
18 -1 10 -1 40 -1 34 -1 15 -1  #SUP: 1284
18 -1 10 -1 40 -1 23 -1  #SUP: 2027
18 -1 10 -1 40 -1 13 -1  #SUP: 1103
18 -1 10 -1 40 -1 10 -1  #SUP: 1071
18 -1 10 -1 40 -1 18 -1  #SUP: 1048
18 -1 10 -1 179 -1  #SUP: 1049
18 -1 10 -1 174 -1 23 -1  #SUP: 1101
18 -1 54 -1 15 -1  #SUP: 1181
18 -1 19 -1  #SUP: 1074
18 -1 264 -1  #SUP: 1415
18 -1 189 -1 15 -1  #SUP: 1328
18 -1 18 -1 34 -1 15 -1  #SUP: 1295
18 -1 18 -1 13 -1  #SUP: 1191
18 -1 18 -1 10 -1  #SUP: 1485
18 -1 429 -1 15 -1  #SUP: 1064
18 -1 225 -1  #SUP: 1083
18 -1 40 -1 33 -1  #SUP: 1148
18 -1 40 -1 23 -1 15 -1  #SUP: 1048
18 -1 40 -1 10 -1 15 -1  #SUP: 1078
18 -1 40 -1 40 -1  #SUP: 1076
18 -1 9 -1  #SUP: 1411
18 -1 41 -1 15 -1  #SUP: 1587
18 -1 178 -1  #SUP: 1157
18 -1 173 -1  #SUP: 1386
18 -1 174 -1 15 -1  #SUP: 1681
18 -1 174 -1 18 -1  #SUP: 1396
18 -1 175 -1  #SUP: 1213
19 -1 33 -1 23 -1  #SUP: 1058
19 -1 33 -1 15 -1  #SUP: 1326
19 -1 34 -1 10 -1 15 -1  #SUP: 1109
19 -1 523 -1 33 -1  #SUP: 1052
19 -1 523 -1 34 -1 23 -1 15 -1  #SUP: 1087
19 -1 523 -1 34 -1 10 -1 23 -1  #SUP: 1069
19 -1 523 -1 34 -1 10 -1 40 -1  #SUP: 1058
19 -1 523 -1 198 -1 23 -1 15 -1  #SUP: 1088
19 -1 523 -1 10 -1 15 -1  #SUP: 1278
19 -1 523 -1 18 -1  #SUP: 1312
19 -1 523 -1 40 -1 23 -1  #SUP: 1176
19 -1 523 -1 40 -1 15 -1  #SUP: 1074
19 -1 21 -1 15 -1  #SUP: 1125
19 -1 10 -1 34 -1 15 -1  #SUP: 1249
19 -1 10 -1 198 -1 23 -1 15 -1  #SUP: 1087
19 -1 10 -1 53 -1  #SUP: 1108
19 -1 10 -1 10 -1  #SUP: 1143
19 -1 10 -1 40 -1 23 -1  #SUP: 1203
19 -1 10 -1 40 -1 15 -1  #SUP: 1290
19 -1 18 -1 15 -1  #SUP: 1137
19 -1 40 -1 23 -1 15 -1  #SUP: 1051
19 -1 41 -1  #SUP: 1061
21 -1 33 -1 33 -1 15 -1  #SUP: 1111
21 -1 33 -1 21 -1 15 -1  #SUP: 1320
21 -1 33 -1 198 -1 23 -1  #SUP: 1054
21 -1 33 -1 13 -1 15 -1  #SUP: 1098
21 -1 33 -1 53 -1 15 -1  #SUP: 1071
21 -1 33 -1 10 -1 15 -1  #SUP: 1235
21 -1 33 -1 18 -1  #SUP: 1063
21 -1 34 -1 33 -1 23 -1 15 -1  #SUP: 1286
21 -1 34 -1 34 -1 23 -1  #SUP: 1079
21 -1 34 -1 34 -1 10 -1 15 -1  #SUP: 1073
21 -1 34 -1 23 -1 34 -1  #SUP: 1100
21 -1 34 -1 198 -1 21 -1 15 -1  #SUP: 1057
21 -1 34 -1 13 -1 15 -1  #SUP: 1418
21 -1 34 -1 10 -1 33 -1 15 -1  #SUP: 1323
21 -1 34 -1 10 -1 198 -1  #SUP: 1048
21 -1 34 -1 10 -1 53 -1 23 -1  #SUP: 1159
21 -1 34 -1 10 -1 53 -1 40 -1 15 -1  #SUP: 1066
21 -1 34 -1 10 -1 10 -1 23 -1  #SUP: 1126
21 -1 34 -1 10 -1 18 -1  #SUP: 1087
21 -1 34 -1 10 -1 40 -1 34 -1 15 -1  #SUP: 1242
21 -1 34 -1 10 -1 40 -1 23 -1 15 -1  #SUP: 1087
21 -1 34 -1 10 -1 40 -1 10 -1 15 -1  #SUP: 1108
21 -1 34 -1 18 -1 15 -1  #SUP: 1320
21 -1 34 -1 40 -1 33 -1  #SUP: 1084
21 -1 34 -1 40 -1 40 -1  #SUP: 1160
21 -1 34 -1 41 -1 15 -1  #SUP: 1172
21 -1 35 -1  #SUP: 1680
21 -1 30 -1 33 -1  #SUP: 1121
21 -1 30 -1 34 -1 15 -1  #SUP: 1248
21 -1 30 -1 23 -1  #SUP: 1076
21 -1 30 -1 10 -1  #SUP: 1103
21 -1 30 -1 40 -1  #SUP: 1110
21 -1 31 -1 15 -1  #SUP: 1113
21 -1 32 -1  #SUP: 1346
21 -1 203 -1  #SUP: 1120
21 -1 523 -1 34 -1  #SUP: 1105
21 -1 523 -1 15 -1  #SUP: 1312
21 -1 66 -1  #SUP: 1710
21 -1 23 -1 33 -1 15 -1  #SUP: 1285
21 -1 23 -1 23 -1  #SUP: 1442
21 -1 23 -1 21 -1  #SUP: 1141
21 -1 23 -1 18 -1  #SUP: 1100
21 -1 62 -1  #SUP: 1146
21 -1 21 -1 34 -1 15 -1  #SUP: 1124
21 -1 21 -1 23 -1  #SUP: 1366
21 -1 198 -1 33 -1 23 -1  #SUP: 1079
21 -1 198 -1 23 -1 34 -1  #SUP: 1066
21 -1 194 -1 15 -1  #SUP: 1995
21 -1 195 -1  #SUP: 1268
21 -1 230 -1  #SUP: 1073
21 -1 190 -1 13 -1 15 -1  #SUP: 1263
21 -1 191 -1  #SUP: 1404
21 -1 13 -1 34 -1 15 -1  #SUP: 1165
21 -1 13 -1 10 -1 15 -1  #SUP: 1189
21 -1 13 -1 18 -1  #SUP: 1234
21 -1 13 -1 40 -1 15 -1  #SUP: 1090
21 -1 53 -1 10 -1 23 -1  #SUP: 1359
21 -1 53 -1 222 -1  #SUP: 1076
21 -1 53 -1 18 -1  #SUP: 1458
21 -1 53 -1 40 -1 34 -1  #SUP: 1048
21 -1 53 -1 40 -1 23 -1 15 -1  #SUP: 1075
21 -1 53 -1 40 -1 10 -1  #SUP: 1072
21 -1 10 -1 33 -1 34 -1 15 -1  #SUP: 1161
21 -1 10 -1 33 -1 23 -1 15 -1  #SUP: 1338
21 -1 10 -1 33 -1 40 -1 15 -1  #SUP: 1234
21 -1 10 -1 34 -1 23 -1  #SUP: 1434
21 -1 10 -1 34 -1 10 -1 40 -1  #SUP: 1065
21 -1 10 -1 34 -1 40 -1 15 -1  #SUP: 1096
21 -1 10 -1 30 -1  #SUP: 1174
21 -1 10 -1 198 -1 33 -1  #SUP: 1108
21 -1 10 -1 198 -1 21 -1  #SUP: 1070
21 -1 10 -1 190 -1  #SUP: 1064
21 -1 10 -1 13 -1 23 -1  #SUP: 1566
21 -1 10 -1 53 -1 34 -1 15 -1  #SUP: 1823
21 -1 10 -1 53 -1 23 -1 15 -1  #SUP: 1193
21 -1 10 -1 53 -1 13 -1 15 -1  #SUP: 1318
21 -1 10 -1 53 -1 10 -1 15 -1  #SUP: 1208
21 -1 10 -1 53 -1 40 -1 23 -1  #SUP: 1289
21 -1 10 -1 53 -1 41 -1  #SUP: 1070
21 -1 10 -1 10 -1 33 -1 15 -1  #SUP: 1202
21 -1 10 -1 10 -1 34 -1 15 -1  #SUP: 1174
21 -1 10 -1 10 -1 23 -1 15 -1  #SUP: 1161
21 -1 10 -1 10 -1 13 -1  #SUP: 1138
21 -1 10 -1 10 -1 53 -1  #SUP: 1074
21 -1 10 -1 10 -1 10 -1  #SUP: 1089
21 -1 10 -1 10 -1 222 -1  #SUP: 1137
21 -1 10 -1 264 -1  #SUP: 1055
21 -1 10 -1 189 -1 15 -1  #SUP: 1075
21 -1 10 -1 222 -1 15 -1  #SUP: 1241
21 -1 10 -1 184 -1  #SUP: 1117
21 -1 10 -1 18 -1 34 -1 15 -1  #SUP: 1072
21 -1 10 -1 18 -1 23 -1  #SUP: 1567
21 -1 10 -1 18 -1 13 -1  #SUP: 1097
21 -1 10 -1 18 -1 10 -1  #SUP: 1155
21 -1 10 -1 40 -1 33 -1 23 -1  #SUP: 1090
21 -1 10 -1 40 -1 33 -1 15 -1  #SUP: 1340
21 -1 10 -1 40 -1 34 -1 10 -1 15 -1  #SUP: 1062
21 -1 10 -1 40 -1 21 -1 15 -1  #SUP: 1145
21 -1 10 -1 40 -1 198 -1 23 -1 15 -1  #SUP: 1233
21 -1 10 -1 40 -1 13 -1 15 -1  #SUP: 1245
21 -1 10 -1 40 -1 53 -1 15 -1  #SUP: 1057
21 -1 10 -1 40 -1 10 -1 33 -1  #SUP: 1067
21 -1 10 -1 40 -1 10 -1 23 -1  #SUP: 1414
21 -1 10 -1 40 -1 10 -1 40 -1 15 -1  #SUP: 1084
21 -1 10 -1 40 -1 18 -1 15 -1  #SUP: 1286
21 -1 10 -1 40 -1 41 -1 15 -1  #SUP: 1140
21 -1 10 -1 41 -1 23 -1  #SUP: 1173
21 -1 10 -1 179 -1 15 -1  #SUP: 1211
21 -1 10 -1 174 -1 23 -1  #SUP: 1542
21 -1 19 -1 15 -1  #SUP: 1177
21 -1 188 -1  #SUP: 1476
21 -1 586 -1 15 -1  #SUP: 1188
21 -1 18 -1 33 -1 15 -1  #SUP: 1152
21 -1 18 -1 34 -1 23 -1  #SUP: 1108
21 -1 18 -1 13 -1 23 -1  #SUP: 1130
21 -1 18 -1 53 -1  #SUP: 1567
21 -1 18 -1 10 -1 23 -1  #SUP: 1423
21 -1 18 -1 10 -1 10 -1  #SUP: 1122
21 -1 18 -1 10 -1 18 -1  #SUP: 1140
21 -1 18 -1 10 -1 40 -1 15 -1  #SUP: 1092
21 -1 225 -1  #SUP: 1325
21 -1 40 -1 33 -1 23 -1 15 -1  #SUP: 1066
21 -1 40 -1 34 -1 23 -1  #SUP: 1177
21 -1 40 -1 34 -1 40 -1 15 -1  #SUP: 1053
21 -1 40 -1 10 -1 34 -1  #SUP: 1056
21 -1 40 -1 10 -1 23 -1 15 -1  #SUP: 1047
21 -1 40 -1 10 -1 53 -1  #SUP: 1170
21 -1 9 -1  #SUP: 1156
21 -1 41 -1 34 -1  #SUP: 1171
21 -1 41 -1 10 -1 23 -1  #SUP: 1360
21 -1 41 -1 10 -1 15 -1  #SUP: 1242
21 -1 178 -1  #SUP: 1621
21 -1 172 -1  #SUP: 1265
21 -1 174 -1 15 -1  #SUP: 1256
21 -1 174 -1 18 -1  #SUP: 1118
21 -1 219 -1 15 -1  #SUP: 1080
22 -1 23 -1  #SUP: 1431
23 -1 33 -1 34 -1  #SUP: 1101
23 -1 34 -1 23 -1  #SUP: 1214
23 -1 30 -1 15 -1  #SUP: 1172
23 -1 23 -1 23 -1  #SUP: 1393
23 -1 23 -1 15 -1  #SUP: 1579
23 -1 68 -1 15 -1  #SUP: 1371
23 -1 13 -1 15 -1  #SUP: 1255
23 -1 53 -1 15 -1  #SUP: 1143
23 -1 10 -1 15 -1  #SUP: 1176
23 -1 10 -1 40 -1  #SUP: 1173
23 -1 222 -1 15 -1  #SUP: 1084
23 -1 18 -1 34 -1  #SUP: 1128
23 -1 40 -1 23 -1  #SUP: 1203
23 -1 40 -1 15 -1  #SUP: 1239
23 -1 41 -1 15 -1  #SUP: 1132
26 -1  #SUP: 1498
30 -1 33 -1 34 -1 15 -1  #SUP: 1297
30 -1 33 -1 23 -1 15 -1  #SUP: 1573
30 -1 33 -1 21 -1 15 -1  #SUP: 1182
30 -1 33 -1 198 -1 23 -1  #SUP: 1051
30 -1 33 -1 13 -1 15 -1  #SUP: 1110
30 -1 33 -1 53 -1  #SUP: 1102
30 -1 33 -1 10 -1 15 -1  #SUP: 1256
30 -1 33 -1 18 -1 15 -1  #SUP: 1178
30 -1 33 -1 40 -1 15 -1  #SUP: 1228
30 -1 34 -1 33 -1 23 -1  #SUP: 1115
30 -1 34 -1 33 -1 15 -1  #SUP: 1232
30 -1 34 -1 34 -1 15 -1  #SUP: 1229
30 -1 34 -1 23 -1 15 -1  #SUP: 1308
30 -1 34 -1 198 -1 23 -1  #SUP: 1058
30 -1 34 -1 10 -1 33 -1  #SUP: 1143
30 -1 34 -1 10 -1 23 -1  #SUP: 1204
30 -1 34 -1 10 -1 40 -1 15 -1  #SUP: 1280
30 -1 34 -1 18 -1 15 -1  #SUP: 1267
30 -1 34 -1 40 -1 23 -1  #SUP: 1225
30 -1 30 -1 33 -1  #SUP: 1051
30 -1 30 -1 34 -1 15 -1  #SUP: 1054
30 -1 30 -1 23 -1  #SUP: 1109
30 -1 30 -1 10 -1  #SUP: 1084
30 -1 68 -1 15 -1  #SUP: 1103
30 -1 21 -1 34 -1 15 -1  #SUP: 1063
30 -1 21 -1 23 -1  #SUP: 1163
30 -1 53 -1 40 -1 15 -1  #SUP: 1174
30 -1 10 -1 33 -1 23 -1  #SUP: 1093
30 -1 10 -1 33 -1 15 -1  #SUP: 1319
30 -1 10 -1 23 -1 15 -1  #SUP: 1204
30 -1 10 -1 21 -1 15 -1  #SUP: 1114
30 -1 10 -1 13 -1  #SUP: 1124
30 -1 10 -1 53 -1 15 -1  #SUP: 1324
30 -1 10 -1 10 -1 15 -1  #SUP: 1257
30 -1 10 -1 10 -1 40 -1  #SUP: 1092
30 -1 10 -1 18 -1  #SUP: 1139
30 -1 10 -1 40 -1 34 -1 15 -1  #SUP: 1241
30 -1 10 -1 40 -1 23 -1  #SUP: 1310
30 -1 10 -1 40 -1 10 -1  #SUP: 1049
30 -1 662 -1  #SUP: 1146
30 -1 222 -1 15 -1  #SUP: 1050
30 -1 18 -1 33 -1 15 -1  #SUP: 1615
30 -1 18 -1 34 -1 15 -1  #SUP: 1384
30 -1 18 -1 23 -1 15 -1  #SUP: 1112
30 -1 18 -1 10 -1 15 -1  #SUP: 1120
30 -1 18 -1 18 -1 15 -1  #SUP: 1077
30 -1 18 -1 40 -1  #SUP: 1165
30 -1 40 -1 33 -1  #SUP: 1182
30 -1 40 -1 23 -1 15 -1  #SUP: 1174
30 -1 40 -1 40 -1  #SUP: 1074
31 -1 33 -1 23 -1  #SUP: 1079
31 -1 34 -1 34 -1  #SUP: 1124
31 -1 34 -1 23 -1  #SUP: 1120
31 -1 34 -1 10 -1 15 -1  #SUP: 1160
31 -1 34 -1 10 -1 40 -1  #SUP: 1068
31 -1 34 -1 18 -1  #SUP: 1100
31 -1 23 -1 15 -1  #SUP: 1130
31 -1 21 -1 15 -1  #SUP: 1216
31 -1 13 -1 15 -1  #SUP: 1153
31 -1 53 -1 15 -1  #SUP: 1260
31 -1 10 -1 34 -1  #SUP: 1116
31 -1 10 -1 40 -1 15 -1  #SUP: 1187
31 -1 18 -1 33 -1 15 -1  #SUP: 1108
31 -1 18 -1 34 -1 15 -1  #SUP: 1427
31 -1 18 -1 23 -1  #SUP: 1226
31 -1 18 -1 10 -1  #SUP: 1243
32 -1 13 -1  #SUP: 1266
32 -1 10 -1  #SUP: 1174
32 -1 18 -1 34 -1 15 -1  #SUP: 1132
32 -1 18 -1 23 -1  #SUP: 1182
33 -1 33 -1 33 -1 15 -1  #SUP: 1097
33 -1 33 -1 23 -1 34 -1  #SUP: 1120
33 -1 33 -1 21 -1 15 -1  #SUP: 1386
33 -1 33 -1 198 -1  #SUP: 1053
33 -1 33 -1 13 -1  #SUP: 1135
33 -1 33 -1 53 -1  #SUP: 1173
33 -1 33 -1 10 -1 15 -1  #SUP: 1197
33 -1 33 -1 18 -1 15 -1  #SUP: 1069
33 -1 33 -1 40 -1 23 -1  #SUP: 1114
33 -1 34 -1 33 -1 34 -1  #SUP: 1138
33 -1 34 -1 33 -1 23 -1 15 -1  #SUP: 1306
33 -1 34 -1 23 -1 34 -1  #SUP: 1109
33 -1 34 -1 21 -1 15 -1  #SUP: 1320
33 -1 34 -1 198 -1 33 -1  #SUP: 1051
33 -1 34 -1 53 -1 15 -1  #SUP: 1267
33 -1 34 -1 10 -1 33 -1 23 -1  #SUP: 1087
33 -1 34 -1 10 -1 33 -1 15 -1  #SUP: 1218
33 -1 34 -1 10 -1 34 -1 15 -1  #SUP: 1341
33 -1 34 -1 10 -1 23 -1 15 -1  #SUP: 1231
33 -1 34 -1 10 -1 53 -1  #SUP: 1159
33 -1 34 -1 10 -1 10 -1  #SUP: 1245
33 -1 34 -1 10 -1 40 -1 34 -1  #SUP: 1054
33 -1 34 -1 10 -1 40 -1 23 -1  #SUP: 1272
33 -1 34 -1 10 -1 40 -1 15 -1  #SUP: 1545
33 -1 34 -1 18 -1 15 -1  #SUP: 1250
33 -1 34 -1 40 -1 33 -1  #SUP: 1182
33 -1 34 -1 40 -1 34 -1 15 -1  #SUP: 1090
33 -1 34 -1 40 -1 23 -1 15 -1  #SUP: 1119
33 -1 34 -1 40 -1 10 -1  #SUP: 1069
33 -1 30 -1 33 -1  #SUP: 1179
33 -1 30 -1 34 -1 15 -1  #SUP: 1396
33 -1 30 -1 23 -1  #SUP: 1199
33 -1 30 -1 10 -1 15 -1  #SUP: 1075
33 -1 30 -1 40 -1 15 -1  #SUP: 1100
33 -1 31 -1 15 -1  #SUP: 1561
33 -1 200 -1  #SUP: 1138
33 -1 523 -1 15 -1  #SUP: 1096
33 -1 23 -1 33 -1 15 -1  #SUP: 1252
33 -1 23 -1 23 -1  #SUP: 1524
33 -1 23 -1 68 -1  #SUP: 1073
33 -1 23 -1 13 -1  #SUP: 1101
33 -1 23 -1 18 -1 15 -1  #SUP: 1139
33 -1 23 -1 40 -1  #SUP: 1217
33 -1 68 -1 15 -1  #SUP: 1377
33 -1 21 -1 33 -1 23 -1 15 -1  #SUP: 1101
33 -1 21 -1 34 -1 33 -1  #SUP: 1131
33 -1 21 -1 34 -1 34 -1  #SUP: 1097
33 -1 21 -1 34 -1 23 -1 15 -1  #SUP: 1164
33 -1 21 -1 34 -1 10 -1 15 -1  #SUP: 1143
33 -1 21 -1 34 -1 10 -1 40 -1  #SUP: 1063
33 -1 21 -1 34 -1 40 -1 15 -1  #SUP: 1058
33 -1 21 -1 30 -1  #SUP: 1204
33 -1 21 -1 23 -1 34 -1  #SUP: 1116
33 -1 21 -1 21 -1 15 -1  #SUP: 1055
33 -1 21 -1 13 -1 15 -1  #SUP: 1328
33 -1 21 -1 53 -1 15 -1  #SUP: 1331
33 -1 21 -1 10 -1 33 -1 23 -1  #SUP: 1047
33 -1 21 -1 10 -1 33 -1 15 -1  #SUP: 1246
33 -1 21 -1 10 -1 34 -1 15 -1  #SUP: 1195
33 -1 21 -1 10 -1 23 -1 15 -1  #SUP: 1103
33 -1 21 -1 10 -1 53 -1  #SUP: 1211
33 -1 21 -1 10 -1 40 -1 23 -1  #SUP: 1199
33 -1 21 -1 10 -1 40 -1 15 -1  #SUP: 1508
33 -1 21 -1 18 -1 15 -1  #SUP: 1310
33 -1 21 -1 40 -1 33 -1  #SUP: 1108
33 -1 21 -1 40 -1 34 -1 15 -1  #SUP: 1093
33 -1 21 -1 40 -1 23 -1 15 -1  #SUP: 1139
33 -1 21 -1 40 -1 10 -1  #SUP: 1048
33 -1 21 -1 41 -1 15 -1  #SUP: 1194
33 -1 198 -1 33 -1 23 -1 15 -1  #SUP: 1138
33 -1 198 -1 23 -1 34 -1 15 -1  #SUP: 1055
33 -1 198 -1 429 -1 23 -1 15 -1  #SUP: 1089
33 -1 194 -1 15 -1  #SUP: 1201
33 -1 190 -1 15 -1  #SUP: 1132
33 -1 13 -1 34 -1 15 -1  #SUP: 1125
33 -1 13 -1 23 -1  #SUP: 1275
33 -1 13 -1 10 -1  #SUP: 1129
33 -1 13 -1 18 -1 15 -1  #SUP: 1119
33 -1 13 -1 40 -1  #SUP: 1179
33 -1 53 -1 33 -1 15 -1  #SUP: 1149
33 -1 53 -1 34 -1 15 -1  #SUP: 1442
33 -1 53 -1 21 -1 15 -1  #SUP: 1592
33 -1 53 -1 53 -1  #SUP: 1106
33 -1 53 -1 10 -1 23 -1  #SUP: 1121
33 -1 53 -1 10 -1 15 -1  #SUP: 1819
33 -1 53 -1 18 -1 15 -1  #SUP: 1050
33 -1 53 -1 40 -1 23 -1 15 -1  #SUP: 1166
33 -1 53 -1 40 -1 198 -1  #SUP: 1052
33 -1 53 -1 41 -1 15 -1  #SUP: 1071
33 -1 10 -1 33 -1 34 -1 15 -1  #SUP: 1204
33 -1 10 -1 33 -1 40 -1 15 -1  #SUP: 1153
33 -1 10 -1 34 -1 23 -1  #SUP: 1392
33 -1 10 -1 34 -1 10 -1  #SUP: 1143
33 -1 10 -1 30 -1 15 -1  #SUP: 1048
33 -1 10 -1 21 -1 15 -1  #SUP: 1635
33 -1 10 -1 198 -1 33 -1 15 -1  #SUP: 1055
33 -1 10 -1 13 -1 15 -1  #SUP: 1572
33 -1 10 -1 53 -1 34 -1  #SUP: 1049
33 -1 10 -1 53 -1 23 -1  #SUP: 1344
33 -1 10 -1 53 -1 40 -1 15 -1  #SUP: 1296
33 -1 10 -1 10 -1 33 -1 15 -1  #SUP: 1124
33 -1 10 -1 10 -1 34 -1 15 -1  #SUP: 1185
33 -1 10 -1 10 -1 40 -1 15 -1  #SUP: 1111
33 -1 10 -1 18 -1 15 -1  #SUP: 1504
33 -1 10 -1 40 -1 33 -1 15 -1  #SUP: 1366
33 -1 10 -1 40 -1 34 -1 15 -1  #SUP: 1530
33 -1 10 -1 40 -1 198 -1 23 -1 15 -1  #SUP: 1142
33 -1 10 -1 40 -1 13 -1  #SUP: 1167
33 -1 10 -1 40 -1 10 -1 23 -1  #SUP: 1049
33 -1 10 -1 40 -1 10 -1 15 -1  #SUP: 1213
33 -1 10 -1 40 -1 40 -1 15 -1  #SUP: 1120
33 -1 10 -1 41 -1 15 -1  #SUP: 1201
33 -1 10 -1 179 -1  #SUP: 1100
33 -1 54 -1 15 -1  #SUP: 1601
33 -1 264 -1  #SUP: 1218
33 -1 19 -1  #SUP: 1258
33 -1 189 -1 23 -1  #SUP: 1069
33 -1 189 -1 15 -1  #SUP: 1737
33 -1 222 -1 15 -1  #SUP: 1415
33 -1 18 -1 33 -1 15 -1  #SUP: 1216
33 -1 18 -1 34 -1 15 -1  #SUP: 1731
33 -1 18 -1 23 -1  #SUP: 1737
33 -1 18 -1 13 -1  #SUP: 1208
33 -1 18 -1 10 -1 40 -1 15 -1  #SUP: 1098
33 -1 225 -1  #SUP: 1079
33 -1 40 -1 33 -1 23 -1 15 -1  #SUP: 1198
33 -1 40 -1 34 -1 23 -1  #SUP: 1183
33 -1 40 -1 21 -1 15 -1  #SUP: 1219
33 -1 40 -1 198 -1 33 -1  #SUP: 1055
33 -1 40 -1 13 -1 15 -1  #SUP: 1218
33 -1 40 -1 10 -1 33 -1 15 -1  #SUP: 1205
33 -1 40 -1 10 -1 23 -1 15 -1  #SUP: 1191
33 -1 40 -1 10 -1 40 -1 15 -1  #SUP: 1175
33 -1 40 -1 18 -1 15 -1  #SUP: 1099
33 -1 40 -1 40 -1 23 -1  #SUP: 1115
33 -1 40 -1 41 -1  #SUP: 1093
33 -1 41 -1 23 -1  #SUP: 1120
33 -1 179 -1 15 -1  #SUP: 1153
33 -1 172 -1  #SUP: 1069
33 -1 173 -1 34 -1  #SUP: 1149
33 -1 173 -1 15 -1  #SUP: 1404
33 -1 173 -1 18 -1  #SUP: 1123
33 -1 174 -1  #SUP: 1383
33 -1 219 -1  #SUP: 1218
34 -1 33 -1 23 -1 34 -1 15 -1  #SUP: 1196
34 -1 33 -1 21 -1 15 -1  #SUP: 1377
34 -1 33 -1 198 -1 23 -1 15 -1  #SUP: 1051
34 -1 33 -1 13 -1  #SUP: 1087
34 -1 33 -1 53 -1 15 -1  #SUP: 1138
34 -1 33 -1 10 -1 23 -1  #SUP: 1089
34 -1 33 -1 18 -1  #SUP: 1123
34 -1 34 -1 33 -1 23 -1  #SUP: 1121
34 -1 34 -1 198 -1 23 -1 15 -1  #SUP: 1187
34 -1 34 -1 53 -1 15 -1  #SUP: 1158
34 -1 34 -1 10 -1 33 -1 15 -1  #SUP: 1112
34 -1 34 -1 10 -1 34 -1 15 -1  #SUP: 1059
34 -1 34 -1 10 -1 23 -1 15 -1  #SUP: 1151
34 -1 34 -1 10 -1 53 -1  #SUP: 1064
34 -1 34 -1 10 -1 10 -1  #SUP: 1092
34 -1 34 -1 10 -1 40 -1 15 -1  #SUP: 1233
34 -1 35 -1  #SUP: 1100
34 -1 30 -1 18 -1 15 -1  #SUP: 1120
34 -1 31 -1 15 -1  #SUP: 1106
34 -1 203 -1  #SUP: 1063
34 -1 66 -1  #SUP: 1081
34 -1 22 -1  #SUP: 1269
34 -1 23 -1 33 -1 15 -1  #SUP: 1150
34 -1 23 -1 23 -1  #SUP: 1293
34 -1 23 -1 21 -1 15 -1  #SUP: 1084
34 -1 23 -1 18 -1 15 -1  #SUP: 1135
34 -1 68 -1  #SUP: 1147
34 -1 21 -1 34 -1 15 -1  #SUP: 1271
34 -1 21 -1 23 -1 15 -1  #SUP: 1266
34 -1 198 -1 23 -1 34 -1 15 -1  #SUP: 1268
34 -1 198 -1 21 -1 23 -1  #SUP: 1056
34 -1 13 -1 34 -1  #SUP: 1085
34 -1 13 -1 23 -1  #SUP: 1054
34 -1 53 -1 21 -1 15 -1  #SUP: 1098
34 -1 53 -1 10 -1 23 -1 15 -1  #SUP: 1110
34 -1 53 -1 40 -1 34 -1 15 -1  #SUP: 1068
34 -1 53 -1 40 -1 10 -1 15 -1  #SUP: 1082
34 -1 10 -1 33 -1 33 -1 15 -1  #SUP: 1054
34 -1 10 -1 33 -1 34 -1 15 -1  #SUP: 1346
34 -1 10 -1 33 -1 53 -1  #SUP: 1091
34 -1 10 -1 33 -1 10 -1 15 -1  #SUP: 1053
34 -1 10 -1 33 -1 40 -1 15 -1  #SUP: 1267
34 -1 10 -1 34 -1 33 -1 15 -1  #SUP: 1097
34 -1 10 -1 34 -1 34 -1  #SUP: 1125
34 -1 10 -1 34 -1 23 -1 15 -1  #SUP: 1259
34 -1 10 -1 34 -1 10 -1 33 -1  #SUP: 1098
34 -1 10 -1 34 -1 10 -1 23 -1  #SUP: 1205
34 -1 10 -1 34 -1 10 -1 40 -1  #SUP: 1081
34 -1 10 -1 34 -1 18 -1 15 -1  #SUP: 1347
34 -1 10 -1 34 -1 40 -1 15 -1  #SUP: 1119
34 -1 10 -1 30 -1 18 -1  #SUP: 1119
34 -1 10 -1 30 -1 225 -1 34 -1 15 -1  #SUP: 1076
34 -1 10 -1 363 -1 34 -1  #SUP: 1094
34 -1 10 -1 363 -1 15 -1  #SUP: 1066
34 -1 10 -1 23 -1 34 -1 15 -1  #SUP: 1081
34 -1 10 -1 198 -1 33 -1 15 -1  #SUP: 1131
34 -1 10 -1 198 -1 21 -1  #SUP: 1049
34 -1 10 -1 53 -1 34 -1 15 -1  #SUP: 1378
34 -1 10 -1 53 -1 198 -1 23 -1 15 -1  #SUP: 1134
34 -1 10 -1 53 -1 10 -1 23 -1  #SUP: 1105
34 -1 10 -1 53 -1 10 -1 15 -1  #SUP: 1307
34 -1 10 -1 53 -1 18 -1  #SUP: 1116
34 -1 10 -1 53 -1 40 -1 34 -1  #SUP: 1052
34 -1 10 -1 53 -1 40 -1 23 -1 15 -1  #SUP: 1141
34 -1 10 -1 10 -1 33 -1 23 -1 15 -1  #SUP: 1193
34 -1 10 -1 10 -1 53 -1 15 -1  #SUP: 1070
34 -1 10 -1 10 -1 10 -1 23 -1  #SUP: 1072
34 -1 10 -1 10 -1 10 -1 15 -1  #SUP: 1254
34 -1 10 -1 10 -1 40 -1 23 -1  #SUP: 1221
34 -1 10 -1 189 -1  #SUP: 1283
34 -1 10 -1 222 -1 15 -1  #SUP: 1231
34 -1 10 -1 18 -1 34 -1 15 -1  #SUP: 1064
34 -1 10 -1 18 -1 23 -1  #SUP: 1135
34 -1 10 -1 40 -1 33 -1 23 -1 15 -1  #SUP: 1194
34 -1 10 -1 40 -1 34 -1 23 -1  #SUP: 1155
34 -1 10 -1 40 -1 34 -1 10 -1 15 -1  #SUP: 1172
34 -1 10 -1 40 -1 21 -1 15 -1  #SUP: 1078
34 -1 10 -1 40 -1 198 -1 33 -1  #SUP: 1087
34 -1 10 -1 40 -1 13 -1 15 -1  #SUP: 1237
34 -1 10 -1 40 -1 53 -1 15 -1  #SUP: 1153
34 -1 10 -1 40 -1 10 -1 33 -1 15 -1  #SUP: 1162
34 -1 10 -1 40 -1 10 -1 34 -1 15 -1  #SUP: 1058
34 -1 10 -1 40 -1 10 -1 23 -1 15 -1  #SUP: 1308
34 -1 10 -1 40 -1 10 -1 198 -1 15 -1  #SUP: 1049
34 -1 10 -1 40 -1 10 -1 198 -1 23 -1  #SUP: 1089
34 -1 10 -1 40 -1 10 -1 40 -1 15 -1  #SUP: 1139
34 -1 10 -1 40 -1 18 -1 15 -1  #SUP: 1336
34 -1 10 -1 40 -1 41 -1 15 -1  #SUP: 1080
34 -1 10 -1 179 -1 34 -1 15 -1  #SUP: 1299
34 -1 10 -1 179 -1 23 -1  #SUP: 1100
34 -1 10 -1 179 -1 40 -1 15 -1  #SUP: 1071
34 -1 10 -1 174 -1  #SUP: 1208
34 -1 10 -1 219 -1  #SUP: 1080
34 -1 19 -1  #SUP: 1190
34 -1 18 -1 10 -1  #SUP: 1094
34 -1 40 -1 33 -1 34 -1  #SUP: 1091
34 -1 40 -1 34 -1 34 -1  #SUP: 1069
34 -1 40 -1 34 -1 23 -1 15 -1  #SUP: 1076
34 -1 40 -1 34 -1 40 -1  #SUP: 1099
34 -1 40 -1 23 -1 34 -1  #SUP: 1073
34 -1 40 -1 198 -1 33 -1 15 -1  #SUP: 1135
34 -1 40 -1 10 -1 198 -1 23 -1 15 -1  #SUP: 1089
34 -1 40 -1 10 -1 10 -1 15 -1  #SUP: 1085
34 -1 9 -1 15 -1  #SUP: 1136
34 -1 41 -1 23 -1  #SUP: 1059
34 -1 178 -1  #SUP: 1517
34 -1 219 -1 15 -1  #SUP: 1126
35 -1 23 -1  #SUP: 1894
35 -1 15 -1  #SUP: 1995
38 -1 23 -1  #SUP: 1088
38 -1 15 -1  #SUP: 1925
38 -1 40 -1  #SUP: 1052
39 -1 10 -1  #SUP: 1376
40 -1 33 -1 10 -1  #SUP: 1106
40 -1 33 -1 40 -1 15 -1  #SUP: 1126
40 -1 34 -1 21 -1 15 -1  #SUP: 1119
40 -1 34 -1 198 -1 23 -1 15 -1  #SUP: 1097
40 -1 34 -1 53 -1 15 -1  #SUP: 1196
40 -1 34 -1 10 -1 34 -1 15 -1  #SUP: 1083
40 -1 34 -1 40 -1 23 -1  #SUP: 1111
40 -1 35 -1  #SUP: 1217
40 -1 30 -1 15 -1  #SUP: 1074
40 -1 66 -1  #SUP: 1111
40 -1 23 -1 33 -1  #SUP: 1144
40 -1 62 -1  #SUP: 1324
40 -1 198 -1 33 -1 23 -1 15 -1  #SUP: 1185
40 -1 191 -1  #SUP: 1214
40 -1 13 -1 34 -1  #SUP: 1084
40 -1 53 -1 40 -1 15 -1  #SUP: 1179
40 -1 10 -1 21 -1 15 -1  #SUP: 1159
40 -1 10 -1 53 -1 23 -1  #SUP: 1193
40 -1 10 -1 53 -1 15 -1  #SUP: 1241
40 -1 10 -1 53 -1 40 -1  #SUP: 1049
40 -1 10 -1 18 -1 15 -1  #SUP: 1088
40 -1 10 -1 40 -1 34 -1 15 -1  #SUP: 1112
40 -1 10 -1 40 -1 23 -1 15 -1  #SUP: 1149
40 -1 10 -1 40 -1 10 -1 15 -1  #SUP: 1133
40 -1 18 -1 10 -1  #SUP: 1061
40 -1 225 -1  #SUP: 1049
40 -1 40 -1 33 -1 15 -1  #SUP: 1084
40 -1 40 -1 40 -1  #SUP: 1107
40 -1 178 -1  #SUP: 1126
41 -1 34 -1 15 -1  #SUP: 1599
41 -1 198 -1 23 -1 15 -1  #SUP: 1141
41 -1 53 -1  #SUP: 1192
41 -1 10 -1 23 -1 15 -1  #SUP: 1097
41 -1 10 -1 13 -1  #SUP: 1170
41 -1 10 -1 18 -1  #SUP: 1237
41 -1 10 -1 40 -1 15 -1  #SUP: 1605
41 -1 40 -1 23 -1  #SUP: 1238
41 -1 174 -1  #SUP: 1095
42 -1  #SUP: 1549
44 -1 34 -1  #SUP: 1305
44 -1 23 -1  #SUP: 1077
46 -1 33 -1  #SUP: 1218
46 -1 34 -1  #SUP: 1519
46 -1 21 -1 15 -1  #SUP: 1209
46 -1 53 -1 15 -1  #SUP: 1325
46 -1 13 -1  #SUP: 1291
46 -1 10 -1 23 -1  #SUP: 1133
46 -1 10 -1 15 -1  #SUP: 2127
46 -1 10 -1 40 -1  #SUP: 1457
46 -1 10 -1 174 -1  #SUP: 1071
46 -1 189 -1  #SUP: 1323
46 -1 18 -1 15 -1  #SUP: 1409
46 -1 174 -1 15 -1  #SUP: 1641
46 -1 174 -1 18 -1  #SUP: 1164
48 -1  #SUP: 1247
53 -1 33 -1 34 -1 15 -1  #SUP: 1257
53 -1 33 -1 23 -1 15 -1  #SUP: 1348
53 -1 34 -1 33 -1  #SUP: 1090
53 -1 34 -1 34 -1 15 -1  #SUP: 1164
53 -1 34 -1 23 -1 15 -1  #SUP: 1108
53 -1 34 -1 13 -1  #SUP: 1072
53 -1 34 -1 53 -1  #SUP: 1196
53 -1 34 -1 10 -1 23 -1  #SUP: 1249
53 -1 34 -1 10 -1 15 -1  #SUP: 1578
53 -1 34 -1 10 -1 40 -1  #SUP: 1328
53 -1 34 -1 18 -1 15 -1  #SUP: 1070
53 -1 34 -1 40 -1 15 -1  #SUP: 1283
53 -1 35 -1  #SUP: 1697
53 -1 30 -1  #SUP: 1490
53 -1 206 -1  #SUP: 1101
53 -1 22 -1  #SUP: 1373
53 -1 66 -1  #SUP: 1116
53 -1 23 -1 34 -1 15 -1  #SUP: 1143
53 -1 23 -1 23 -1  #SUP: 1100
53 -1 21 -1 33 -1 15 -1  #SUP: 1092
53 -1 21 -1 34 -1 10 -1  #SUP: 1056
53 -1 21 -1 34 -1 15 -1  #SUP: 1798
53 -1 21 -1 23 -1 15 -1  #SUP: 1256
53 -1 21 -1 13 -1 15 -1  #SUP: 1304
53 -1 21 -1 10 -1 23 -1  #SUP: 1432
53 -1 21 -1 10 -1 53 -1  #SUP: 1201
53 -1 21 -1 10 -1 40 -1 15 -1  #SUP: 1111
53 -1 21 -1 18 -1 15 -1  #SUP: 1504
53 -1 21 -1 41 -1  #SUP: 1372
53 -1 198 -1 33 -1 23 -1  #SUP: 1047
53 -1 198 -1 21 -1 15 -1  #SUP: 1053
53 -1 194 -1 15 -1  #SUP: 1053
53 -1 195 -1  #SUP: 1061
53 -1 230 -1  #SUP: 1467
53 -1 517 -1  #SUP: 1330
53 -1 634 -1  #SUP: 1242
53 -1 190 -1  #SUP: 1052
53 -1 191 -1  #SUP: 1319
53 -1 13 -1 34 -1  #SUP: 1343
53 -1 13 -1 18 -1  #SUP: 1292
53 -1 53 -1 34 -1 15 -1  #SUP: 1320
53 -1 53 -1 21 -1  #SUP: 1202
53 -1 53 -1 18 -1  #SUP: 1479
53 -1 53 -1 40 -1 15 -1  #SUP: 1191
53 -1 10 -1 33 -1 23 -1  #SUP: 1140
53 -1 10 -1 21 -1 15 -1  #SUP: 1170
53 -1 10 -1 13 -1 23 -1  #SUP: 1063
53 -1 10 -1 13 -1 15 -1  #SUP: 1465
53 -1 10 -1 53 -1 23 -1  #SUP: 1512
53 -1 10 -1 53 -1 15 -1  #SUP: 1898
53 -1 10 -1 53 -1 40 -1  #SUP: 1131
53 -1 10 -1 10 -1 23 -1  #SUP: 1283
53 -1 10 -1 10 -1 15 -1  #SUP: 1401
53 -1 10 -1 10 -1 40 -1  #SUP: 1179
53 -1 10 -1 264 -1  #SUP: 1070
53 -1 10 -1 189 -1 15 -1  #SUP: 1070
53 -1 10 -1 222 -1  #SUP: 1268
53 -1 10 -1 18 -1 23 -1  #SUP: 1257
53 -1 10 -1 40 -1 34 -1 15 -1  #SUP: 1272
53 -1 10 -1 40 -1 23 -1  #SUP: 1776
53 -1 10 -1 40 -1 18 -1 15 -1  #SUP: 1129
53 -1 10 -1 41 -1  #SUP: 1267
53 -1 10 -1 179 -1  #SUP: 1071
53 -1 10 -1 172 -1  #SUP: 1140
53 -1 10 -1 174 -1 15 -1  #SUP: 1243
53 -1 264 -1 23 -1  #SUP: 1367
53 -1 264 -1 15 -1  #SUP: 1088
53 -1 264 -1 18 -1  #SUP: 1680
53 -1 189 -1 23 -1  #SUP: 1181
53 -1 189 -1 10 -1  #SUP: 1064
53 -1 189 -1 18 -1  #SUP: 1150
53 -1 189 -1 40 -1  #SUP: 1073
53 -1 222 -1 23 -1  #SUP: 1053
53 -1 222 -1 15 -1  #SUP: 1488
53 -1 17 -1  #SUP: 1218
53 -1 18 -1 34 -1 15 -1  #SUP: 1513
53 -1 18 -1 13 -1  #SUP: 1339
53 -1 18 -1 10 -1 23 -1  #SUP: 1163
53 -1 18 -1 10 -1 40 -1 15 -1  #SUP: 1171
53 -1 225 -1 15 -1  #SUP: 1072
53 -1 182 -1  #SUP: 1147
53 -1 9 -1  #SUP: 1436
53 -1 40 -1 21 -1 15 -1  #SUP: 1147
53 -1 40 -1 13 -1 15 -1  #SUP: 1209
53 -1 40 -1 53 -1 15 -1  #SUP: 1069
53 -1 40 -1 10 -1 40 -1  #SUP: 1464
53 -1 40 -1 189 -1  #SUP: 1092
53 -1 40 -1 18 -1 23 -1  #SUP: 1081
53 -1 40 -1 40 -1 23 -1  #SUP: 1087
53 -1 40 -1 40 -1 15 -1  #SUP: 1299
53 -1 40 -1 41 -1 15 -1  #SUP: 1163
53 -1 41 -1 10 -1  #SUP: 1205
53 -1 178 -1  #SUP: 1812
53 -1 173 -1  #SUP: 1531
53 -1 174 -1 23 -1  #SUP: 1183
53 -1 174 -1 18 -1  #SUP: 1388
53 -1 175 -1 15 -1  #SUP: 1107
54 -1 23 -1  #SUP: 1323
54 -1 13 -1  #SUP: 1047
54 -1 18 -1 15 -1  #SUP: 1064
54 -1 40 -1  #SUP: 1264
61 -1 15 -1  #SUP: 1212
62 -1 15 -1  #SUP: 1323
66 -1 23 -1  #SUP: 1275
66 -1 10 -1  #SUP: 1437
66 -1 15 -1  #SUP: 2240
68 -1 23 -1  #SUP: 1099
73 -1 33 -1 15 -1  #SUP: 1662
73 -1 34 -1 23 -1  #SUP: 1234
73 -1 34 -1 10 -1  #SUP: 1383
73 -1 34 -1 40 -1  #SUP: 1123
73 -1 166 -1 10 -1  #SUP: 1050
73 -1 21 -1 34 -1  #SUP: 1165
73 -1 21 -1 53 -1  #SUP: 1402
73 -1 21 -1 10 -1 23 -1  #SUP: 1414
73 -1 21 -1 10 -1 13 -1  #SUP: 1061
73 -1 21 -1 10 -1 15 -1  #SUP: 1604
73 -1 21 -1 18 -1  #SUP: 1531
73 -1 21 -1 40 -1  #SUP: 1389
73 -1 53 -1 34 -1  #SUP: 1218
73 -1 53 -1 21 -1 10 -1  #SUP: 1110
73 -1 53 -1 21 -1 15 -1  #SUP: 1102
73 -1 53 -1 13 -1  #SUP: 1408
73 -1 53 -1 10 -1 15 -1  #SUP: 1760
73 -1 53 -1 40 -1 15 -1  #SUP: 1094
73 -1 264 -1 18 -1  #SUP: 1056
73 -1 46 -1  #SUP: 1179
73 -1 41 -1  #SUP: 1755
73 -1 66 -1  #SUP: 1081
73 -1 195 -1  #SUP: 1370
73 -1 238 -1 21 -1 10 -1  #SUP: 1406
73 -1 238 -1 53 -1 10 -1  #SUP: 1241
73 -1 238 -1 53 -1 18 -1  #SUP: 1151
73 -1 238 -1 13 -1  #SUP: 1109
73 -1 238 -1 10 -1 23 -1  #SUP: 1172
73 -1 238 -1 10 -1 15 -1  #SUP: 1050
73 -1 238 -1 174 -1 53 -1  #SUP: 1204
73 -1 238 -1 174 -1 18 -1  #SUP: 1333
73 -1 99 -1  #SUP: 1290
73 -1 13 -1 23 -1  #SUP: 1081
73 -1 13 -1 15 -1  #SUP: 1491
73 -1 10 -1 34 -1 15 -1  #SUP: 1070
73 -1 10 -1 53 -1 23 -1  #SUP: 1304
73 -1 10 -1 53 -1 15 -1  #SUP: 1102
73 -1 10 -1 10 -1  #SUP: 1461
73 -1 10 -1 18 -1 15 -1  #SUP: 1180
73 -1 10 -1 40 -1 23 -1  #SUP: 1214
73 -1 10 -1 40 -1 15 -1  #SUP: 1858
73 -1 10 -1 174 -1 23 -1  #SUP: 1174
73 -1 188 -1  #SUP: 1338
73 -1 189 -1 15 -1  #SUP: 1088
73 -1 101 -1  #SUP: 1387
73 -1 184 -1  #SUP: 1232
73 -1 18 -1 34 -1  #SUP: 1191
73 -1 18 -1 23 -1  #SUP: 1855
73 -1 18 -1 10 -1  #SUP: 1687
73 -1 107 -1  #SUP: 1086
73 -1 104 -1  #SUP: 1365
73 -1 5 -1 21 -1  #SUP: 1065
73 -1 5 -1 53 -1  #SUP: 1292
73 -1 5 -1 10 -1  #SUP: 1684
73 -1 5 -1 15 -1  #SUP: 1317
73 -1 4 -1 53 -1  #SUP: 1157
73 -1 4 -1 10 -1 15 -1  #SUP: 1068
73 -1 178 -1  #SUP: 1050
73 -1 173 -1  #SUP: 1399
73 -1 174 -1 13 -1  #SUP: 1334
73 -1 174 -1 53 -1 18 -1  #SUP: 1101
73 -1 174 -1 10 -1  #SUP: 1591
73 -1 174 -1 15 -1  #SUP: 1977
73 -1 174 -1 40 -1  #SUP: 1283
78 -1 33 -1 15 -1  #SUP: 1197
78 -1 34 -1 10 -1  #SUP: 1077
78 -1 34 -1 15 -1  #SUP: 1545
78 -1 30 -1  #SUP: 1058
78 -1 21 -1 23 -1  #SUP: 1097
78 -1 21 -1 10 -1  #SUP: 1156
78 -1 21 -1 15 -1  #SUP: 1400
78 -1 53 -1 15 -1  #SUP: 1505
78 -1 40 -1 15 -1  #SUP: 1097
78 -1 13 -1  #SUP: 1484
78 -1 10 -1 34 -1  #SUP: 1123
78 -1 10 -1 23 -1  #SUP: 1572
78 -1 10 -1 53 -1  #SUP: 1189
78 -1 10 -1 15 -1  #SUP: 2551
78 -1 10 -1 18 -1  #SUP: 1322
78 -1 10 -1 40 -1  #SUP: 1534
78 -1 10 -1 174 -1  #SUP: 1102
78 -1 189 -1  #SUP: 1200
78 -1 101 -1  #SUP: 1345
78 -1 18 -1 23 -1  #SUP: 1199
78 -1 18 -1 15 -1  #SUP: 1721
78 -1 173 -1  #SUP: 1198
78 -1 174 -1 23 -1  #SUP: 1069
78 -1 174 -1 10 -1  #SUP: 1287
78 -1 174 -1 15 -1  #SUP: 1778
78 -1 174 -1 18 -1  #SUP: 1426
79 -1  #SUP: 1347
86 -1 33 -1  #SUP: 1128
86 -1 23 -1  #SUP: 1389
86 -1 21 -1  #SUP: 1163
86 -1 10 -1  #SUP: 1346
86 -1 18 -1 15 -1  #SUP: 1098
86 -1 174 -1  #SUP: 1089
87 -1  #SUP: 1465
90 -1 23 -1  #SUP: 1294
90 -1 21 -1  #SUP: 1055
90 -1 53 -1  #SUP: 1212
90 -1 10 -1 15 -1  #SUP: 1062
90 -1 18 -1  #SUP: 1297
90 -1 174 -1  #SUP: 1261
91 -1 10 -1  #SUP: 1354
91 -1 15 -1  #SUP: 1283
92 -1 33 -1 15 -1  #SUP: 1114
92 -1 34 -1 15 -1  #SUP: 1052
92 -1 23 -1  #SUP: 1644
92 -1 21 -1  #SUP: 1385
92 -1 53 -1  #SUP: 1255
92 -1 40 -1  #SUP: 1089
92 -1 10 -1 15 -1  #SUP: 1310
92 -1 18 -1  #SUP: 1346
94 -1 34 -1  #SUP: 1360
94 -1 23 -1  #SUP: 1338
94 -1 21 -1  #SUP: 1403
94 -1 53 -1  #SUP: 1485
94 -1 40 -1  #SUP: 1115
94 -1 10 -1 15 -1  #SUP: 1613
94 -1 18 -1  #SUP: 1577
94 -1 174 -1 15 -1  #SUP: 1236
99 -1 34 -1  #SUP: 1320
99 -1 21 -1  #SUP: 1928
99 -1 53 -1 15 -1  #SUP: 1245
99 -1 13 -1  #SUP: 1230
99 -1 10 -1 23 -1  #SUP: 1160
99 -1 10 -1 15 -1  #SUP: 1854
99 -1 10 -1 40 -1  #SUP: 1209
99 -1 18 -1 15 -1  #SUP: 1116
99 -1 4 -1  #SUP: 1049
99 -1 174 -1 15 -1  #SUP: 1238
99 -1 174 -1 18 -1  #SUP: 1065
101 -1 33 -1 23 -1  #SUP: 1095
101 -1 33 -1 10 -1  #SUP: 1145
101 -1 33 -1 15 -1  #SUP: 1733
101 -1 34 -1 34 -1 15 -1  #SUP: 1137
101 -1 34 -1 23 -1  #SUP: 1095
101 -1 34 -1 10 -1 34 -1  #SUP: 1105
101 -1 34 -1 10 -1 15 -1  #SUP: 1444
101 -1 34 -1 40 -1  #SUP: 1092
101 -1 30 -1 34 -1  #SUP: 1141
101 -1 30 -1 15 -1  #SUP: 1336
101 -1 21 -1 34 -1  #SUP: 1283
101 -1 21 -1 23 -1  #SUP: 1102
101 -1 21 -1 10 -1 15 -1  #SUP: 1142
101 -1 21 -1 40 -1  #SUP: 1218
101 -1 53 -1 23 -1  #SUP: 1048
101 -1 53 -1 10 -1  #SUP: 1170
101 -1 53 -1 40 -1  #SUP: 1087
101 -1 40 -1 23 -1  #SUP: 1059
101 -1 41 -1  #SUP: 1140
101 -1 13 -1 15 -1  #SUP: 1410
101 -1 10 -1 34 -1 15 -1  #SUP: 1693
101 -1 10 -1 23 -1  #SUP: 1734
101 -1 10 -1 13 -1  #SUP: 1125
101 -1 10 -1 53 -1 15 -1  #SUP: 1063
101 -1 10 -1 10 -1  #SUP: 1166
101 -1 10 -1 18 -1 15 -1  #SUP: 1177
101 -1 10 -1 40 -1 15 -1  #SUP: 1673
101 -1 10 -1 174 -1  #SUP: 1072
101 -1 189 -1  #SUP: 1491
101 -1 18 -1 34 -1  #SUP: 1268
101 -1 18 -1 23 -1  #SUP: 1225
101 -1 18 -1 10 -1  #SUP: 1246
101 -1 225 -1  #SUP: 1062
101 -1 173 -1 34 -1  #SUP: 1070
101 -1 173 -1 15 -1  #SUP: 1053
101 -1 174 -1 34 -1 15 -1  #SUP: 1136
101 -1 174 -1 10 -1  #SUP: 1404
101 -1 174 -1 18 -1  #SUP: 1192
102 -1  #SUP: 1464
104 -1 34 -1  #SUP: 1226
104 -1 23 -1  #SUP: 1273
104 -1 21 -1  #SUP: 1530
104 -1 53 -1  #SUP: 1436
104 -1 40 -1  #SUP: 1215
104 -1 10 -1 15 -1  #SUP: 1333
104 -1 18 -1  #SUP: 1520
104 -1 174 -1  #SUP: 1480
107 -1 33 -1 23 -1  #SUP: 1431
107 -1 33 -1 53 -1  #SUP: 1092
107 -1 33 -1 10 -1  #SUP: 1424
107 -1 33 -1 15 -1  #SUP: 2619
107 -1 33 -1 18 -1  #SUP: 1118
107 -1 33 -1 40 -1  #SUP: 1068
107 -1 34 -1 30 -1 15 -1  #SUP: 1083
107 -1 34 -1 23 -1  #SUP: 1666
107 -1 34 -1 10 -1 34 -1 15 -1  #SUP: 1292
107 -1 34 -1 10 -1 30 -1  #SUP: 1116
107 -1 34 -1 18 -1 15 -1  #SUP: 1047
107 -1 34 -1 225 -1  #SUP: 1050
107 -1 34 -1 40 -1  #SUP: 1227
107 -1 35 -1  #SUP: 1462
107 -1 30 -1 34 -1 15 -1  #SUP: 1303
107 -1 30 -1 18 -1  #SUP: 1143
107 -1 200 -1  #SUP: 1250
107 -1 207 -1  #SUP: 1163
107 -1 326 -1  #SUP: 1131
107 -1 22 -1  #SUP: 1313
107 -1 21 -1 34 -1 15 -1  #SUP: 1226
107 -1 21 -1 23 -1  #SUP: 1890
107 -1 21 -1 13 -1 15 -1  #SUP: 1532
107 -1 21 -1 10 -1 53 -1  #SUP: 1047
107 -1 21 -1 10 -1 15 -1  #SUP: 1692
107 -1 21 -1 10 -1 40 -1  #SUP: 1205
107 -1 21 -1 18 -1  #SUP: 1722
107 -1 21 -1 40 -1 15 -1  #SUP: 1332
107 -1 53 -1 34 -1  #SUP: 1451
107 -1 53 -1 21 -1  #SUP: 1499
107 -1 53 -1 13 -1 15 -1  #SUP: 1153
107 -1 53 -1 53 -1  #SUP: 1207
107 -1 53 -1 10 -1 15 -1  #SUP: 1437
107 -1 53 -1 10 -1 40 -1  #SUP: 1097
107 -1 53 -1 18 -1 15 -1  #SUP: 1287
107 -1 53 -1 40 -1 15 -1  #SUP: 1127
107 -1 264 -1 18 -1  #SUP: 1265
107 -1 46 -1 10 -1  #SUP: 1458
107 -1 46 -1 15 -1  #SUP: 1495
107 -1 46 -1 18 -1  #SUP: 1116
107 -1 46 -1 174 -1  #SUP: 1482
107 -1 40 -1 13 -1  #SUP: 1203
107 -1 40 -1 18 -1  #SUP: 1108
107 -1 41 -1 15 -1  #SUP: 1594
107 -1 251 -1 10 -1 15 -1  #SUP: 1250
107 -1 251 -1 18 -1  #SUP: 1281
107 -1 251 -1 174 -1 15 -1  #SUP: 1262
107 -1 78 -1 10 -1  #SUP: 1231
107 -1 78 -1 15 -1  #SUP: 1267
107 -1 78 -1 174 -1  #SUP: 1243
107 -1 128 -1 174 -1  #SUP: 1084
107 -1 195 -1  #SUP: 1651
107 -1 634 -1  #SUP: 1452
107 -1 94 -1  #SUP: 1398
107 -1 190 -1 13 -1  #SUP: 1047
107 -1 190 -1 15 -1  #SUP: 1371
107 -1 99 -1  #SUP: 1586
107 -1 13 -1 23 -1  #SUP: 1088
107 -1 13 -1 18 -1  #SUP: 1331
107 -1 10 -1 33 -1  #SUP: 1223
107 -1 10 -1 30 -1 34 -1  #SUP: 1099
107 -1 10 -1 30 -1 15 -1  #SUP: 1217
107 -1 10 -1 13 -1 15 -1  #SUP: 1448
107 -1 10 -1 53 -1 23 -1  #SUP: 1125
107 -1 10 -1 53 -1 15 -1  #SUP: 1929
107 -1 10 -1 10 -1 15 -1  #SUP: 1061
107 -1 10 -1 10 -1 40 -1  #SUP: 1074
107 -1 10 -1 189 -1  #SUP: 1296
107 -1 10 -1 18 -1 23 -1  #SUP: 1074
107 -1 10 -1 18 -1 15 -1  #SUP: 1868
107 -1 10 -1 225 -1 15 -1  #SUP: 1119
107 -1 10 -1 40 -1 23 -1  #SUP: 1657
107 -1 10 -1 40 -1 15 -1  #SUP: 2358
107 -1 10 -1 41 -1  #SUP: 1073
107 -1 10 -1 179 -1  #SUP: 1426
107 -1 10 -1 174 -1 23 -1  #SUP: 1149
107 -1 10 -1 174 -1 15 -1  #SUP: 1999
107 -1 10 -1 174 -1 18 -1  #SUP: 1053
107 -1 10 -1 174 -1 40 -1  #SUP: 1168
107 -1 188 -1  #SUP: 1655
107 -1 189 -1 23 -1  #SUP: 1082
107 -1 189 -1 10 -1 15 -1  #SUP: 1144
107 -1 101 -1 34 -1 15 -1  #SUP: 1157
107 -1 101 -1 10 -1 15 -1  #SUP: 1378
107 -1 101 -1 18 -1  #SUP: 1209
107 -1 101 -1 174 -1 15 -1  #SUP: 1322
107 -1 17 -1  #SUP: 1102
107 -1 18 -1 33 -1  #SUP: 1270
107 -1 18 -1 34 -1 15 -1  #SUP: 1557
107 -1 18 -1 10 -1 15 -1  #SUP: 1274
107 -1 18 -1 10 -1 40 -1  #SUP: 1119
107 -1 18 -1 18 -1  #SUP: 1284
107 -1 224 -1  #SUP: 1183
107 -1 5 -1 10 -1  #SUP: 1275
107 -1 5 -1 15 -1  #SUP: 1281
107 -1 5 -1 174 -1  #SUP: 1254
107 -1 4 -1 23 -1  #SUP: 1073
107 -1 4 -1 21 -1  #SUP: 1253
107 -1 4 -1 53 -1  #SUP: 1223
107 -1 4 -1 10 -1 15 -1  #SUP: 1132
107 -1 4 -1 18 -1  #SUP: 1297
107 -1 4 -1 174 -1 15 -1  #SUP: 1165
107 -1 9 -1 15 -1  #SUP: 1266
107 -1 178 -1  #SUP: 1406
107 -1 179 -1 15 -1  #SUP: 1119
107 -1 173 -1 34 -1 10 -1 15 -1  #SUP: 1096
107 -1 173 -1 10 -1 34 -1  #SUP: 1057
107 -1 173 -1 18 -1 15 -1  #SUP: 1136
107 -1 174 -1 34 -1 10 -1 15 -1  #SUP: 1074
107 -1 174 -1 30 -1  #SUP: 1153
107 -1 174 -1 21 -1 13 -1  #SUP: 1078
107 -1 174 -1 21 -1 15 -1  #SUP: 1831
107 -1 174 -1 53 -1 15 -1  #SUP: 1819
107 -1 174 -1 53 -1 18 -1  #SUP: 1159
107 -1 174 -1 10 -1 34 -1 15 -1  #SUP: 1328
107 -1 174 -1 10 -1 23 -1  #SUP: 1145
107 -1 174 -1 10 -1 53 -1  #SUP: 1104
107 -1 174 -1 10 -1 18 -1  #SUP: 1160
107 -1 174 -1 10 -1 40 -1  #SUP: 1306
107 -1 174 -1 264 -1  #SUP: 1191
107 -1 174 -1 584 -1 13 -1 15 -1  #SUP: 1059
107 -1 174 -1 189 -1 15 -1  #SUP: 1287
107 -1 174 -1 18 -1 23 -1  #SUP: 1244
107 -1 174 -1 18 -1 15 -1  #SUP: 2609
107 -1 174 -1 225 -1 15 -1  #SUP: 1209
107 -1 174 -1 40 -1 15 -1  #SUP: 1533
107 -1 174 -1 9 -1  #SUP: 1407
107 -1 174 -1 41 -1  #SUP: 1153
107 -1 174 -1 173 -1 15 -1  #SUP: 1048
107 -1 174 -1 174 -1  #SUP: 1251
108 -1  #SUP: 1062
113 -1 10 -1  #SUP: 1243
119 -1  #SUP: 1228
128 -1 34 -1  #SUP: 1240
128 -1 10 -1 15 -1  #SUP: 1384
128 -1 18 -1  #SUP: 1420
128 -1 174 -1 15 -1  #SUP: 1238
133 -1  #SUP: 1273
136 -1  #SUP: 1325
137 -1 10 -1  #SUP: 1331
137 -1 15 -1  #SUP: 1643
137 -1 174 -1  #SUP: 1380
142 -1  #SUP: 1266
145 -1  #SUP: 1434
146 -1  #SUP: 1421
152 -1 33 -1 33 -1 23 -1 15 -1  #SUP: 1087
152 -1 33 -1 34 -1 23 -1  #SUP: 1053
152 -1 33 -1 21 -1 23 -1 15 -1  #SUP: 1084
152 -1 33 -1 53 -1  #SUP: 1052
152 -1 33 -1 10 -1 23 -1  #SUP: 1062
152 -1 33 -1 10 -1 15 -1  #SUP: 1134
152 -1 33 -1 40 -1  #SUP: 1122
152 -1 34 -1 33 -1 23 -1 15 -1  #SUP: 1152
152 -1 34 -1 34 -1 15 -1  #SUP: 1250
152 -1 34 -1 21 -1 15 -1  #SUP: 1061
152 -1 34 -1 198 -1 33 -1  #SUP: 1106
152 -1 34 -1 10 -1 198 -1 23 -1  #SUP: 1057
152 -1 34 -1 10 -1 15 -1  #SUP: 1220
152 -1 34 -1 40 -1 23 -1  #SUP: 1059
152 -1 30 -1 15 -1  #SUP: 1161
152 -1 23 -1 34 -1  #SUP: 1136
152 -1 21 -1 33 -1  #SUP: 1095
152 -1 21 -1 34 -1 15 -1  #SUP: 1224
152 -1 21 -1 198 -1 23 -1 15 -1  #SUP: 1244
152 -1 21 -1 10 -1  #SUP: 1113
152 -1 53 -1 198 -1 23 -1 15 -1  #SUP: 1102
152 -1 1701 -1 33 -1 33 -1  #SUP: 1088
152 -1 1701 -1 33 -1 34 -1 15 -1  #SUP: 1127
152 -1 1701 -1 33 -1 21 -1 15 -1  #SUP: 1232
152 -1 1701 -1 33 -1 198 -1 23 -1 15 -1  #SUP: 1444
152 -1 1701 -1 34 -1 33 -1 23 -1  #SUP: 1052
152 -1 1701 -1 34 -1 33 -1 15 -1  #SUP: 1052
152 -1 1701 -1 34 -1 34 -1  #SUP: 1054
152 -1 1701 -1 34 -1 198 -1 23 -1 15 -1  #SUP: 1327
152 -1 1701 -1 21 -1 34 -1  #SUP: 1052
152 -1 1701 -1 21 -1 23 -1 15 -1  #SUP: 1386
152 -1 1701 -1 21 -1 198 -1 23 -1  #SUP: 1093
152 -1 1701 -1 198 -1 33 -1 15 -1  #SUP: 1049
152 -1 1701 -1 198 -1 21 -1 15 -1  #SUP: 1071
152 -1 1701 -1 53 -1 15 -1  #SUP: 1076
152 -1 1701 -1 10 -1 33 -1 15 -1  #SUP: 1088
152 -1 1701 -1 10 -1 34 -1  #SUP: 1050
152 -1 1701 -1 10 -1 198 -1 23 -1 15 -1  #SUP: 1207
152 -1 1701 -1 10 -1 40 -1  #SUP: 1070
152 -1 1701 -1 1702 -1 23 -1  #SUP: 1107
152 -1 1701 -1 18 -1 198 -1 23 -1  #SUP: 1051
152 -1 1701 -1 18 -1 15 -1  #SUP: 1207
152 -1 1701 -1 40 -1 23 -1 15 -1  #SUP: 1073
152 -1 1701 -1 40 -1 198 -1 23 -1  #SUP: 1091
152 -1 1701 -1 1735 -1 23 -1  #SUP: 1108
152 -1 1700 -1 33 -1 198 -1 23 -1 15 -1  #SUP: 1144
152 -1 1700 -1 34 -1 198 -1 23 -1 15 -1  #SUP: 1051
152 -1 1700 -1 21 -1 23 -1 15 -1  #SUP: 1096
152 -1 1700 -1 10 -1 23 -1  #SUP: 1125
152 -1 1700 -1 10 -1 15 -1  #SUP: 1105
152 -1 1700 -1 1701 -1 33 -1 23 -1 15 -1  #SUP: 1258
152 -1 1700 -1 1701 -1 34 -1 15 -1  #SUP: 1056
152 -1 1700 -1 1701 -1 21 -1  #SUP: 1090
152 -1 1700 -1 1701 -1 198 -1 23 -1 15 -1  #SUP: 1392
152 -1 1700 -1 18 -1  #SUP: 1060
152 -1 40 -1 33 -1 15 -1  #SUP: 1109
152 -1 41 -1  #SUP: 1049
152 -1 198 -1 33 -1 23 -1  #SUP: 1110
152 -1 13 -1  #SUP: 1216
152 -1 10 -1 33 -1 23 -1 15 -1  #SUP: 1202
152 -1 10 -1 34 -1 15 -1  #SUP: 1321
152 -1 10 -1 21 -1  #SUP: 1069
152 -1 10 -1 53 -1 15 -1  #SUP: 1117
152 -1 10 -1 10 -1  #SUP: 1154
152 -1 10 -1 40 -1 198 -1 23 -1 15 -1  #SUP: 1082
152 -1 18 -1 33 -1 23 -1  #SUP: 1137
152 -1 18 -1 33 -1 15 -1  #SUP: 1108
152 -1 18 -1 34 -1  #SUP: 1107
152 -1 18 -1 198 -1 23 -1 15 -1  #SUP: 1153
152 -1 1735 -1 33 -1  #SUP: 1080
152 -1 1735 -1 198 -1 23 -1 15 -1  #SUP: 1071
165 -1  #SUP: 1298
166 -1 34 -1  #SUP: 1060
166 -1 23 -1  #SUP: 1329
166 -1 21 -1  #SUP: 1060
166 -1 53 -1  #SUP: 1358
166 -1 238 -1  #SUP: 1061
166 -1 15 -1  #SUP: 1359
166 -1 18 -1  #SUP: 1438
166 -1 174 -1  #SUP: 1372
172 -1 34 -1 15 -1  #SUP: 1204
172 -1 53 -1  #SUP: 1354
172 -1 10 -1  #SUP: 1272
172 -1 18 -1  #SUP: 1495
173 -1 34 -1 23 -1  #SUP: 1425
173 -1 34 -1 10 -1 30 -1 34 -1 15 -1  #SUP: 1115
173 -1 34 -1 10 -1 18 -1  #SUP: 1310
173 -1 34 -1 10 -1 225 -1 15 -1  #SUP: 1112
173 -1 34 -1 18 -1 15 -1  #SUP: 1338
173 -1 34 -1 40 -1  #SUP: 1051
173 -1 13 -1 15 -1  #SUP: 1206
173 -1 10 -1 23 -1  #SUP: 1306
173 -1 10 -1 53 -1  #SUP: 1280
173 -1 10 -1 18 -1 15 -1  #SUP: 1175
173 -1 10 -1 40 -1  #SUP: 1717
173 -1 10 -1 179 -1  #SUP: 1151
173 -1 18 -1 34 -1 15 -1  #SUP: 1155
173 -1 18 -1 23 -1  #SUP: 1441
173 -1 18 -1 10 -1  #SUP: 1244
173 -1 225 -1 34 -1 15 -1  #SUP: 1121
173 -1 174 -1  #SUP: 1166
174 -1 33 -1  #SUP: 1132
174 -1 34 -1 30 -1 15 -1  #SUP: 1062
174 -1 34 -1 23 -1  #SUP: 1370
174 -1 34 -1 10 -1 34 -1 15 -1  #SUP: 1170
174 -1 34 -1 10 -1 30 -1  #SUP: 1077
174 -1 34 -1 10 -1 225 -1  #SUP: 1065
174 -1 34 -1 18 -1  #SUP: 1272
174 -1 35 -1  #SUP: 1953
174 -1 30 -1 34 -1 15 -1  #SUP: 1176
174 -1 32 -1  #SUP: 1269
174 -1 200 -1  #SUP: 1125
174 -1 22 -1  #SUP: 1569
174 -1 62 -1  #SUP: 1154
174 -1 21 -1 34 -1 15 -1  #SUP: 1066
174 -1 21 -1 23 -1  #SUP: 1519
174 -1 21 -1 13 -1 15 -1  #SUP: 1666
174 -1 21 -1 53 -1  #SUP: 1078
174 -1 21 -1 10 -1 15 -1  #SUP: 1148
174 -1 21 -1 18 -1  #SUP: 1978
174 -1 21 -1 40 -1 15 -1  #SUP: 1089
174 -1 194 -1  #SUP: 1107
174 -1 195 -1 15 -1  #SUP: 1155
174 -1 516 -1  #SUP: 1373
174 -1 634 -1 15 -1  #SUP: 1077
174 -1 190 -1 13 -1 15 -1  #SUP: 1089
174 -1 191 -1  #SUP: 1486
174 -1 13 -1 34 -1  #SUP: 1330
174 -1 13 -1 18 -1 15 -1  #SUP: 1342
174 -1 53 -1 34 -1  #SUP: 1786
174 -1 53 -1 21 -1  #SUP: 1348
174 -1 53 -1 13 -1 15 -1  #SUP: 1057
174 -1 53 -1 53 -1 15 -1  #SUP: 1078
174 -1 53 -1 10 -1 40 -1  #SUP: 1100
174 -1 53 -1 189 -1  #SUP: 1279
174 -1 53 -1 184 -1 15 -1  #SUP: 1120
174 -1 53 -1 18 -1 23 -1  #SUP: 1318
174 -1 53 -1 18 -1 15 -1  #SUP: 1419
174 -1 53 -1 40 -1 23 -1  #SUP: 1104
174 -1 53 -1 40 -1 15 -1  #SUP: 1076
174 -1 10 -1 13 -1 23 -1  #SUP: 1099
174 -1 10 -1 13 -1 15 -1  #SUP: 1162
174 -1 10 -1 53 -1 15 -1  #SUP: 1597
174 -1 10 -1 10 -1  #SUP: 1067
174 -1 10 -1 189 -1  #SUP: 1276
174 -1 10 -1 18 -1 15 -1  #SUP: 1373
174 -1 10 -1 225 -1 15 -1  #SUP: 1211
174 -1 10 -1 40 -1 23 -1  #SUP: 1158
174 -1 10 -1 40 -1 15 -1  #SUP: 1966
174 -1 10 -1 179 -1  #SUP: 1284
174 -1 10 -1 174 -1 15 -1  #SUP: 1458
174 -1 54 -1  #SUP: 1145
174 -1 264 -1 23 -1  #SUP: 1214
174 -1 264 -1 10 -1  #SUP: 1056
174 -1 264 -1 18 -1 15 -1  #SUP: 1265
174 -1 264 -1 40 -1  #SUP: 1193
174 -1 188 -1  #SUP: 1742
174 -1 584 -1 34 -1  #SUP: 1088
174 -1 584 -1 21 -1 13 -1  #SUP: 1061
174 -1 189 -1 23 -1  #SUP: 1116
174 -1 189 -1 10 -1 15 -1  #SUP: 1351
174 -1 223 -1  #SUP: 1606
174 -1 586 -1 15 -1  #SUP: 1105
174 -1 17 -1  #SUP: 1171
174 -1 18 -1 34 -1 15 -1  #SUP: 1539
174 -1 18 -1 13 -1  #SUP: 1328
174 -1 18 -1 10 -1 40 -1  #SUP: 1097
174 -1 225 -1 34 -1  #SUP: 1056
174 -1 180 -1  #SUP: 1186
174 -1 182 -1  #SUP: 1711
174 -1 40 -1 13 -1  #SUP: 1534
174 -1 9 -1 15 -1  #SUP: 1850
174 -1 41 -1 23 -1  #SUP: 1084
174 -1 41 -1 15 -1  #SUP: 1840
174 -1 178 -1  #SUP: 1663
174 -1 173 -1 34 -1 10 -1 34 -1  #SUP: 1064
174 -1 173 -1 34 -1 10 -1 15 -1  #SUP: 1109
174 -1 173 -1 34 -1 225 -1 15 -1  #SUP: 1050
174 -1 173 -1 30 -1 34 -1  #SUP: 1053
174 -1 173 -1 30 -1 15 -1  #SUP: 1111
174 -1 173 -1 10 -1 34 -1 15 -1  #SUP: 1055
174 -1 175 -1  #SUP: 1135
174 -1 214 -1  #SUP: 1090
175 -1 23 -1  #SUP: 1303
178 -1 23 -1  #SUP: 2014
178 -1 10 -1 53 -1  #SUP: 1276
178 -1 10 -1 15 -1  #SUP: 1364
179 -1 30 -1 15 -1  #SUP: 1064
179 -1 21 -1  #SUP: 1250
179 -1 10 -1 23 -1  #SUP: 1293
179 -1 10 -1 40 -1  #SUP: 1182
179 -1 18 -1 15 -1  #SUP: 1313
179 -1 174 -1  #SUP: 1200
180 -1 40 -1  #SUP: 1080
182 -1 23 -1  #SUP: 1343
182 -1 10 -1  #SUP: 1066
182 -1 15 -1  #SUP: 1272
182 -1 18 -1  #SUP: 1309
183 -1  #SUP: 1073
184 -1 23 -1  #SUP: 1112
187 -1 23 -1  #SUP: 1228
188 -1 34 -1  #SUP: 1213
188 -1 21 -1  #SUP: 1143
188 -1 13 -1  #SUP: 1794
188 -1 53 -1  #SUP: 1950
188 -1 10 -1 23 -1  #SUP: 1188
188 -1 10 -1 15 -1  #SUP: 1053
188 -1 10 -1 174 -1  #SUP: 1353
188 -1 18 -1  #SUP: 1973
188 -1 40 -1 15 -1  #SUP: 1221
188 -1 41 -1  #SUP: 1196
189 -1 33 -1  #SUP: 1077
189 -1 34 -1 23 -1  #SUP: 1076
189 -1 34 -1 15 -1  #SUP: 1843
189 -1 21 -1  #SUP: 1493
189 -1 13 -1 15 -1  #SUP: 1156
189 -1 53 -1 15 -1  #SUP: 1120
189 -1 10 -1 23 -1  #SUP: 1236
189 -1 10 -1 18 -1  #SUP: 1217
189 -1 10 -1 40 -1  #SUP: 1308
189 -1 10 -1 174 -1 15 -1  #SUP: 1071
189 -1 189 -1  #SUP: 1234
189 -1 18 -1 15 -1  #SUP: 1934
189 -1 41 -1  #SUP: 1324
190 -1 33 -1 15 -1  #SUP: 1176
190 -1 21 -1 23 -1  #SUP: 1065
190 -1 21 -1 15 -1  #SUP: 1371
190 -1 10 -1 15 -1  #SUP: 1107
190 -1 586 -1 15 -1  #SUP: 1071
190 -1 18 -1 15 -1  #SUP: 1097
190 -1 40 -1 15 -1  #SUP: 1697
191 -1 23 -1  #SUP: 1708
191 -1 10 -1  #SUP: 1230
191 -1 18 -1  #SUP: 1154
192 -1 15 -1  #SUP: 1245
194 -1 34 -1 15 -1  #SUP: 1322
194 -1 23 -1  #SUP: 2016
194 -1 10 -1 15 -1  #SUP: 1185
194 -1 18 -1  #SUP: 1290
194 -1 40 -1  #SUP: 1238
195 -1 34 -1  #SUP: 1196
195 -1 10 -1  #SUP: 1693
195 -1 18 -1  #SUP: 1158
195 -1 40 -1 15 -1  #SUP: 1194
195 -1 41 -1 15 -1  #SUP: 1213
198 -1 33 -1 34 -1 15 -1  #SUP: 1058
198 -1 23 -1 33 -1  #SUP: 1063
198 -1 23 -1 21 -1  #SUP: 1113
198 -1 23 -1 18 -1 15 -1  #SUP: 1049
198 -1 21 -1 34 -1 15 -1  #SUP: 1108
200 -1 23 -1  #SUP: 1177
200 -1 10 -1 15 -1  #SUP: 1528
200 -1 10 -1 40 -1  #SUP: 1152
200 -1 18 -1  #SUP: 1122
203 -1 34 -1  #SUP: 1087
203 -1 23 -1 15 -1  #SUP: 1069
203 -1 21 -1 15 -1  #SUP: 1085
203 -1 10 -1 23 -1  #SUP: 1076
203 -1 10 -1 15 -1  #SUP: 1285
203 -1 10 -1 40 -1  #SUP: 1095
203 -1 18 -1  #SUP: 1421
203 -1 40 -1 23 -1  #SUP: 1099
203 -1 40 -1 15 -1  #SUP: 1190
205 -1  #SUP: 1539
206 -1 23 -1  #SUP: 1190
207 -1 33 -1  #SUP: 1067
207 -1 18 -1 15 -1  #SUP: 1329
208 -1  #SUP: 1261
209 -1  #SUP: 1337
210 -1 34 -1 23 -1  #SUP: 1143
210 -1 34 -1 10 -1  #SUP: 1099
210 -1 34 -1 15 -1  #SUP: 1257
210 -1 198 -1  #SUP: 1054
210 -1 10 -1 23 -1  #SUP: 1094
210 -1 10 -1 15 -1  #SUP: 1222
210 -1 40 -1  #SUP: 1166
213 -1  #SUP: 1149
214 -1 15 -1  #SUP: 1090
216 -1 33 -1 15 -1  #SUP: 1074
216 -1 34 -1 15 -1  #SUP: 1217
216 -1 23 -1  #SUP: 1431
216 -1 10 -1  #SUP: 1275
216 -1 18 -1 15 -1  #SUP: 1175
219 -1 33 -1 23 -1  #SUP: 1256
219 -1 33 -1 15 -1  #SUP: 1420
219 -1 34 -1 23 -1  #SUP: 1149
219 -1 34 -1 15 -1  #SUP: 1675
219 -1 21 -1 15 -1  #SUP: 1191
219 -1 198 -1 23 -1 15 -1  #SUP: 1105
219 -1 10 -1 23 -1 15 -1  #SUP: 1149
219 -1 10 -1 40 -1 15 -1  #SUP: 1196
219 -1 18 -1 15 -1  #SUP: 1199
219 -1 40 -1 23 -1  #SUP: 1162
222 -1 33 -1 15 -1  #SUP: 1252
222 -1 34 -1 15 -1  #SUP: 1445
222 -1 203 -1 23 -1  #SUP: 1222
222 -1 203 -1 10 -1  #SUP: 1131
222 -1 203 -1 15 -1  #SUP: 1384
222 -1 203 -1 40 -1  #SUP: 1319
222 -1 21 -1 23 -1  #SUP: 1184
222 -1 21 -1 15 -1  #SUP: 1593
222 -1 198 -1 23 -1 15 -1  #SUP: 1088
222 -1 53 -1  #SUP: 1079
222 -1 10 -1 23 -1  #SUP: 1258
222 -1 10 -1 40 -1 15 -1  #SUP: 1117
222 -1 18 -1 15 -1  #SUP: 1230
222 -1 40 -1 23 -1  #SUP: 1396
222 -1 41 -1  #SUP: 1097
223 -1 23 -1  #SUP: 1231
224 -1 34 -1  #SUP: 1530
224 -1 23 -1  #SUP: 1434
224 -1 10 -1  #SUP: 1231
224 -1 18 -1 15 -1  #SUP: 1098
224 -1 173 -1  #SUP: 1138
225 -1 23 -1  #SUP: 1477
225 -1 10 -1 15 -1  #SUP: 1166
225 -1 18 -1 15 -1  #SUP: 1088
225 -1 40 -1  #SUP: 1244
227 -1  #SUP: 1184
228 -1 15 -1  #SUP: 1360
230 -1 15 -1  #SUP: 1408
233 -1 78 -1  #SUP: 1061
233 -1 10 -1  #SUP: 1552
233 -1 15 -1  #SUP: 1587
233 -1 18 -1  #SUP: 1073
233 -1 174 -1  #SUP: 1546
234 -1  #SUP: 1452
236 -1  #SUP: 1051
238 -1 21 -1 13 -1  #SUP: 1062
238 -1 21 -1 10 -1 23 -1  #SUP: 1118
238 -1 53 -1 23 -1  #SUP: 1309
238 -1 53 -1 21 -1  #SUP: 1063
238 -1 53 -1 13 -1  #SUP: 1092
238 -1 53 -1 10 -1 15 -1  #SUP: 1063
238 -1 53 -1 184 -1  #SUP: 1053
238 -1 10 -1 13 -1  #SUP: 1092
238 -1 10 -1 53 -1  #SUP: 1047
238 -1 10 -1 40 -1  #SUP: 1152
238 -1 10 -1 174 -1 23 -1  #SUP: 1104
238 -1 18 -1 23 -1  #SUP: 1065
238 -1 5 -1  #SUP: 1065
238 -1 174 -1 13 -1  #SUP: 1064
238 -1 174 -1 53 -1 18 -1  #SUP: 1072
238 -1 174 -1 10 -1  #SUP: 1168
246 -1 33 -1  #SUP: 1127
246 -1 34 -1 15 -1  #SUP: 1083
246 -1 23 -1  #SUP: 1198
246 -1 21 -1  #SUP: 1373
246 -1 53 -1  #SUP: 1247
246 -1 10 -1 15 -1  #SUP: 1630
246 -1 10 -1 40 -1  #SUP: 1079
246 -1 18 -1 15 -1  #SUP: 1054
246 -1 174 -1  #SUP: 1364
251 -1 33 -1  #SUP: 1206
251 -1 34 -1 15 -1  #SUP: 1232
251 -1 23 -1  #SUP: 1553
251 -1 21 -1 15 -1  #SUP: 1050
251 -1 53 -1 15 -1  #SUP: 1066
251 -1 13 -1  #SUP: 1075
251 -1 10 -1 40 -1  #SUP: 1173
251 -1 18 -1 15 -1  #SUP: 1499
262 -1 10 -1  #SUP: 1150
264 -1 21 -1  #SUP: 1275
264 -1 13 -1  #SUP: 1279
264 -1 53 -1 15 -1  #SUP: 1067
264 -1 10 -1 15 -1  #SUP: 1072
264 -1 40 -1 15 -1  #SUP: 1495
280 -1  #SUP: 1588
292 -1  #SUP: 1077
303 -1  #SUP: 1051
311 -1  #SUP: 1301
312 -1 33 -1 198 -1 23 -1  #SUP: 1084
312 -1 34 -1 23 -1  #SUP: 1170
312 -1 34 -1 15 -1  #SUP: 1406
312 -1 21 -1 23 -1  #SUP: 1143
312 -1 21 -1 15 -1  #SUP: 1422
312 -1 152 -1  #SUP: 1069
312 -1 53 -1 15 -1  #SUP: 1171
312 -1 40 -1 15 -1  #SUP: 1093
312 -1 10 -1 23 -1  #SUP: 1291
312 -1 10 -1 15 -1  #SUP: 1547
312 -1 10 -1 40 -1  #SUP: 1147
312 -1 18 -1 15 -1  #SUP: 1331
322 -1  #SUP: 1194
326 -1 15 -1  #SUP: 1348
326 -1 174 -1  #SUP: 1239
331 -1  #SUP: 1445
346 -1  #SUP: 1105
359 -1 34 -1 15 -1  #SUP: 1113
359 -1 21 -1 15 -1  #SUP: 1065
359 -1 152 -1  #SUP: 1072
359 -1 312 -1 33 -1 23 -1 15 -1  #SUP: 1101
359 -1 312 -1 34 -1  #SUP: 1166
359 -1 312 -1 21 -1  #SUP: 1115
359 -1 312 -1 198 -1 23 -1 15 -1  #SUP: 1177
359 -1 312 -1 10 -1  #SUP: 1138
359 -1 10 -1 15 -1  #SUP: 1078
359 -1 18 -1  #SUP: 1141
363 -1 34 -1 15 -1  #SUP: 1061
410 -1 33 -1  #SUP: 1054
410 -1 23 -1  #SUP: 1238
410 -1 15 -1  #SUP: 1259
425 -1 34 -1  #SUP: 1069
425 -1 1701 -1 23 -1  #SUP: 1108
425 -1 1700 -1 33 -1 23 -1 15 -1  #SUP: 1067
425 -1 1700 -1 198 -1 23 -1 15 -1  #SUP: 1177
429 -1 23 -1 68 -1  #SUP: 1069
429 -1 68 -1 15 -1  #SUP: 1106
516 -1 13 -1  #SUP: 1271
516 -1 15 -1  #SUP: 1099
516 -1 18 -1  #SUP: 1360
517 -1 23 -1  #SUP: 1097
517 -1 15 -1  #SUP: 1661
517 -1 40 -1  #SUP: 1316
521 -1 15 -1  #SUP: 1099
523 -1 33 -1 23 -1 15 -1  #SUP: 1200
523 -1 33 -1 21 -1  #SUP: 1092
523 -1 33 -1 10 -1  #SUP: 1132
523 -1 34 -1 33 -1  #SUP: 1065
523 -1 34 -1 34 -1  #SUP: 1093
523 -1 34 -1 198 -1 23 -1 15 -1  #SUP: 1101
523 -1 34 -1 10 -1 40 -1 23 -1  #SUP: 1058
523 -1 34 -1 10 -1 40 -1 15 -1  #SUP: 1065
523 -1 523 -1  #SUP: 1049
523 -1 21 -1 23 -1  #SUP: 1089
523 -1 21 -1 15 -1  #SUP: 1284
523 -1 10 -1 33 -1  #SUP: 1053
523 -1 10 -1 34 -1 15 -1  #SUP: 1156
523 -1 10 -1 198 -1 23 -1 15 -1  #SUP: 1059
523 -1 10 -1 53 -1  #SUP: 1157
523 -1 10 -1 10 -1  #SUP: 1175
523 -1 10 -1 18 -1  #SUP: 1092
523 -1 10 -1 40 -1 198 -1  #SUP: 1056
523 -1 18 -1 34 -1  #SUP: 1081
523 -1 18 -1 23 -1  #SUP: 1128
523 -1 18 -1 15 -1  #SUP: 1283
523 -1 40 -1 198 -1 23 -1 15 -1  #SUP: 1057
523 -1 40 -1 10 -1  #SUP: 1069
563 -1  #SUP: 1149
568 -1 34 -1 15 -1  #SUP: 1050
568 -1 23 -1  #SUP: 1154
568 -1 10 -1  #SUP: 1237
568 -1 40 -1  #SUP: 1060
584 -1 21 -1 15 -1  #SUP: 1053
587 -1 15 -1  #SUP: 1210
634 -1 18 -1  #SUP: 1318
634 -1 40 -1  #SUP: 1171
639 -1 23 -1  #SUP: 1242
639 -1 15 -1  #SUP: 1473
639 -1 18 -1  #SUP: 1069
652 -1  #SUP: 1089
662 -1 15 -1  #SUP: 1208
696 -1  #SUP: 1120
735 -1  #SUP: 1207
994 -1  #SUP: 1138
1192 -1  #SUP: 1100
1700 -1 33 -1 33 -1 23 -1 15 -1  #SUP: 1085
1700 -1 33 -1 21 -1 23 -1 15 -1  #SUP: 1078
1700 -1 33 -1 10 -1 15 -1  #SUP: 1079
1700 -1 33 -1 40 -1  #SUP: 1057
1700 -1 34 -1 33 -1 23 -1 15 -1  #SUP: 1152
1700 -1 34 -1 34 -1 15 -1  #SUP: 1174
1700 -1 34 -1 21 -1 15 -1  #SUP: 1058
1700 -1 34 -1 198 -1 33 -1  #SUP: 1106
1700 -1 34 -1 10 -1 198 -1 23 -1  #SUP: 1057
1700 -1 34 -1 10 -1 15 -1  #SUP: 1127
1700 -1 34 -1 40 -1  #SUP: 1104
1700 -1 30 -1 15 -1  #SUP: 1055
1700 -1 23 -1 34 -1  #SUP: 1131
1700 -1 21 -1 33 -1  #SUP: 1084
1700 -1 21 -1 34 -1 15 -1  #SUP: 1176
1700 -1 21 -1 198 -1 23 -1 15 -1  #SUP: 1244
1700 -1 198 -1 33 -1 23 -1  #SUP: 1108
1700 -1 53 -1 198 -1 23 -1 15 -1  #SUP: 1102
1700 -1 10 -1 33 -1 23 -1 15 -1  #SUP: 1201
1700 -1 10 -1 34 -1 15 -1  #SUP: 1178
1700 -1 10 -1 53 -1  #SUP: 1057
1700 -1 10 -1 10 -1  #SUP: 1057
1700 -1 10 -1 40 -1 198 -1 23 -1 15 -1  #SUP: 1082
1700 -1 1701 -1 33 -1 33 -1  #SUP: 1104
1700 -1 1701 -1 33 -1 34 -1 15 -1  #SUP: 1143
1700 -1 1701 -1 33 -1 21 -1 15 -1  #SUP: 1218
1700 -1 1701 -1 33 -1 198 -1 23 -1 15 -1  #SUP: 1440
1700 -1 1701 -1 34 -1 33 -1 23 -1  #SUP: 1056
1700 -1 1701 -1 34 -1 33 -1 15 -1  #SUP: 1056
1700 -1 1701 -1 34 -1 34 -1  #SUP: 1050
1700 -1 1701 -1 34 -1 198 -1 23 -1 15 -1  #SUP: 1323
1700 -1 1701 -1 21 -1 34 -1  #SUP: 1057
1700 -1 1701 -1 21 -1 23 -1 15 -1  #SUP: 1380
1700 -1 1701 -1 21 -1 198 -1 23 -1  #SUP: 1089
1700 -1 1701 -1 198 -1 33 -1 15 -1  #SUP: 1065
1700 -1 1701 -1 198 -1 21 -1 15 -1  #SUP: 1077
1700 -1 1701 -1 53 -1 15 -1  #SUP: 1062
1700 -1 1701 -1 10 -1 33 -1 15 -1  #SUP: 1104
1700 -1 1701 -1 10 -1 34 -1  #SUP: 1062
1700 -1 1701 -1 10 -1 198 -1 23 -1 15 -1  #SUP: 1215
1700 -1 1701 -1 10 -1 40 -1  #SUP: 1081
1700 -1 1701 -1 1702 -1 33 -1 23 -1 15 -1  #SUP: 1114
1700 -1 1701 -1 1702 -1 198 -1 23 -1 15 -1  #SUP: 1231
1700 -1 1701 -1 18 -1 198 -1 23 -1  #SUP: 1059
1700 -1 1701 -1 18 -1 15 -1  #SUP: 1216
1700 -1 1701 -1 40 -1 23 -1 15 -1  #SUP: 1071
1700 -1 1701 -1 40 -1 198 -1 23 -1  #SUP: 1095
1700 -1 18 -1 33 -1 23 -1  #SUP: 1105
1700 -1 18 -1 33 -1 15 -1  #SUP: 1081
1700 -1 18 -1 198 -1 23 -1 15 -1  #SUP: 1153
1700 -1 40 -1 33 -1 15 -1  #SUP: 1107
1700 -1 1735 -1 23 -1  #SUP: 1108
1701 -1 33 -1 34 -1 33 -1 23 -1  #SUP: 1120
1701 -1 33 -1 34 -1 34 -1  #SUP: 1050
1701 -1 33 -1 34 -1 198 -1 23 -1 15 -1  #SUP: 1260
1701 -1 33 -1 23 -1 34 -1 15 -1  #SUP: 1260
1701 -1 33 -1 23 -1 21 -1 15 -1  #SUP: 1050
1701 -1 33 -1 21 -1 34 -1 15 -1  #SUP: 1260
1701 -1 33 -1 21 -1 198 -1 23 -1 15 -1  #SUP: 1155
1701 -1 33 -1 198 -1 33 -1 15 -1  #SUP: 1155
1701 -1 33 -1 198 -1 33 -1 23 -1  #SUP: 1085
1701 -1 33 -1 198 -1 21 -1 15 -1  #SUP: 1225
1701 -1 33 -1 53 -1 198 -1 23 -1 15 -1  #SUP: 1050
1701 -1 33 -1 10 -1 33 -1 23 -1 15 -1  #SUP: 1085
1701 -1 33 -1 10 -1 34 -1  #SUP: 1085
1701 -1 33 -1 10 -1 198 -1 23 -1 15 -1  #SUP: 1330
1701 -1 33 -1 10 -1 40 -1 15 -1  #SUP: 1085
1701 -1 33 -1 18 -1 15 -1  #SUP: 1085
1701 -1 33 -1 40 -1 33 -1 15 -1  #SUP: 1050
1701 -1 33 -1 40 -1 198 -1 23 -1 15 -1  #SUP: 1225
1701 -1 34 -1 33 -1 34 -1 15 -1  #SUP: 1085
1701 -1 34 -1 33 -1 21 -1  #SUP: 1050
1701 -1 34 -1 34 -1 23 -1  #SUP: 1128
1701 -1 34 -1 23 -1 34 -1 15 -1  #SUP: 1155
1701 -1 34 -1 198 -1 33 -1 23 -1 15 -1  #SUP: 1155
1701 -1 34 -1 198 -1 23 -1 34 -1  #SUP: 1120
1701 -1 34 -1 198 -1 21 -1 15 -1  #SUP: 1400
1701 -1 34 -1 53 -1 23 -1  #SUP: 1085
1701 -1 34 -1 10 -1 33 -1 23 -1 15 -1  #SUP: 1155
1701 -1 34 -1 10 -1 34 -1 15 -1  #SUP: 1260
1701 -1 34 -1 10 -1 53 -1 15 -1  #SUP: 1050
1701 -1 34 -1 10 -1 10 -1 198 -1 23 -1 15 -1  #SUP: 1050
1701 -1 34 -1 10 -1 40 -1 33 -1  #SUP: 1085
1701 -1 34 -1 10 -1 40 -1 198 -1 23 -1 15 -1  #SUP: 1225
1701 -1 34 -1 40 -1 33 -1 23 -1  #SUP: 1120
1701 -1 34 -1 40 -1 33 -1 15 -1  #SUP: 1155
1701 -1 34 -1 40 -1 34 -1  #SUP: 1058
1701 -1 34 -1 40 -1 10 -1  #SUP: 1058
1701 -1 30 -1 33 -1 23 -1  #SUP: 1120
1701 -1 30 -1 33 -1 15 -1  #SUP: 1190
1701 -1 30 -1 34 -1  #SUP: 1050
1701 -1 30 -1 198 -1 23 -1 15 -1  #SUP: 1225
1701 -1 23 -1 33 -1 15 -1  #SUP: 1155
1701 -1 21 -1 33 -1 23 -1 15 -1  #SUP: 1295
1701 -1 21 -1 34 -1 33 -1 15 -1  #SUP: 1050
1701 -1 21 -1 34 -1 198 -1 23 -1 15 -1  #SUP: 1190
1701 -1 21 -1 34 -1 10 -1  #SUP: 1050
1701 -1 21 -1 23 -1 34 -1 15 -1  #SUP: 1085
1701 -1 21 -1 198 -1 33 -1 15 -1  #SUP: 1085
1701 -1 21 -1 198 -1 21 -1 15 -1  #SUP: 1155
1701 -1 21 -1 53 -1  #SUP: 1050
1701 -1 21 -1 10 -1 33 -1 23 -1  #SUP: 1050
1701 -1 21 -1 10 -1 33 -1 15 -1  #SUP: 1120
1701 -1 21 -1 10 -1 34 -1  #SUP: 1155
1701 -1 21 -1 10 -1 198 -1 23 -1 15 -1  #SUP: 1190
1701 -1 21 -1 10 -1 40 -1 198 -1 23 -1  #SUP: 1050
1701 -1 21 -1 10 -1 40 -1 15 -1  #SUP: 1085
1701 -1 21 -1 18 -1  #SUP: 1050
1701 -1 21 -1 40 -1 198 -1 23 -1 15 -1  #SUP: 1120
1701 -1 21 -1 41 -1  #SUP: 1050
1701 -1 53 -1 33 -1 23 -1  #SUP: 1050
1701 -1 53 -1 34 -1 15 -1  #SUP: 1085
1701 -1 53 -1 21 -1 15 -1  #SUP: 1190
1701 -1 53 -1 198 -1 33 -1 15 -1  #SUP: 1085
1701 -1 53 -1 10 -1 198 -1 23 -1 15 -1  #SUP: 1050
1701 -1 1702 -1 34 -1  #SUP: 1102
1701 -1 1702 -1 21 -1  #SUP: 1049
1701 -1 40 -1 21 -1 15 -1  #SUP: 1155
1701 -1 40 -1 198 -1 21 -1  #SUP: 1050
1701 -1 40 -1 10 -1 33 -1  #SUP: 1050
1701 -1 40 -1 10 -1 23 -1 15 -1  #SUP: 1085
1701 -1 40 -1 10 -1 198 -1 23 -1  #SUP: 1085
1701 -1 40 -1 10 -1 40 -1  #SUP: 1050
1701 -1 41 -1 15 -1  #SUP: 1260
1701 -1 523 -1 34 -1  #SUP: 1085
1701 -1 523 -1 198 -1 23 -1 15 -1  #SUP: 1085
1701 -1 523 -1 10 -1  #SUP: 1050
1701 -1 68 -1 15 -1  #SUP: 1050
1701 -1 198 -1 23 -1 34 -1 15 -1  #SUP: 1330
1701 -1 198 -1 21 -1 23 -1 15 -1  #SUP: 1155
1701 -1 198 -1 429 -1 23 -1 15 -1  #SUP: 1050
1701 -1 190 -1 198 -1 23 -1 15 -1  #SUP: 1155
1701 -1 13 -1 15 -1  #SUP: 1330
1701 -1 10 -1 33 -1 34 -1 15 -1  #SUP: 1120
1701 -1 10 -1 33 -1 21 -1  #SUP: 1050
1701 -1 10 -1 33 -1 198 -1 23 -1 15 -1  #SUP: 1120
1701 -1 10 -1 34 -1 33 -1  #SUP: 1050
1701 -1 10 -1 34 -1 198 -1 23 -1 15 -1  #SUP: 1120
1701 -1 10 -1 34 -1 10 -1  #SUP: 1058
1701 -1 10 -1 23 -1 34 -1  #SUP: 1085
1701 -1 10 -1 198 -1 33 -1 23 -1  #SUP: 1050
1701 -1 10 -1 198 -1 21 -1 15 -1  #SUP: 1155
1701 -1 10 -1 53 -1 40 -1 198 -1 23 -1 15 -1  #SUP: 1085
1701 -1 10 -1 10 -1 33 -1 23 -1 15 -1  #SUP: 1085
1701 -1 10 -1 10 -1 40 -1  #SUP: 1163
1701 -1 10 -1 40 -1 33 -1 23 -1 15 -1  #SUP: 1225
1701 -1 10 -1 40 -1 34 -1 15 -1  #SUP: 1225
1701 -1 10 -1 40 -1 21 -1  #SUP: 1050
1701 -1 10 -1 40 -1 198 -1 33 -1 15 -1  #SUP: 1120
1701 -1 10 -1 40 -1 10 -1 23 -1  #SUP: 1163
1701 -1 10 -1 40 -1 10 -1 15 -1  #SUP: 1120
1701 -1 19 -1 15 -1  #SUP: 1085
1701 -1 222 -1 15 -1  #SUP: 1330
1701 -1 18 -1 33 -1 198 -1 23 -1 15 -1  #SUP: 1155
1701 -1 18 -1 34 -1 23 -1  #SUP: 1085
1701 -1 18 -1 34 -1 15 -1  #SUP: 1365
1701 -1 18 -1 21 -1  #SUP: 1050
1701 -1 18 -1 198 -1 33 -1  #SUP: 1085
1701 -1 1735 -1 33 -1 198 -1 23 -1 15 -1  #SUP: 1070
1701 -1 1735 -1 34 -1 198 -1 23 -1  #SUP: 1073
1701 -1 1735 -1 34 -1 15 -1  #SUP: 1179
1701 -1 1735 -1 21 -1 23 -1  #SUP: 1084
1701 -1 1735 -1 21 -1 15 -1  #SUP: 1157
1701 -1 1735 -1 10 -1 23 -1  #SUP: 1058
1701 -1 219 -1 23 -1  #SUP: 1058
1702 -1 34 -1 15 -1  #SUP: 1053
1734 -1 33 -1 198 -1 23 -1 15 -1  #SUP: 1146
1734 -1 34 -1 198 -1 23 -1 15 -1  #SUP: 1053
1734 -1 21 -1 23 -1 15 -1  #SUP: 1099
1734 -1 1701 -1 33 -1 23 -1 15 -1  #SUP: 1361
1734 -1 1701 -1 33 -1 198 -1 23 -1  #SUP: 1120
1734 -1 1701 -1 34 -1 23 -1  #SUP: 1100
1734 -1 1701 -1 34 -1 15 -1  #SUP: 1131
1734 -1 1701 -1 21 -1 23 -1  #SUP: 1053
1734 -1 1701 -1 21 -1 15 -1  #SUP: 1122
1734 -1 1701 -1 198 -1 23 -1 15 -1  #SUP: 1497
1734 -1 1701 -1 10 -1  #SUP: 1068
1734 -1 10 -1 23 -1  #SUP: 1128
1734 -1 10 -1 15 -1  #SUP: 1102
1734 -1 18 -1  #SUP: 1056
1735 -1 33 -1 34 -1  #SUP: 1088
1735 -1 33 -1 21 -1 15 -1  #SUP: 1071
1735 -1 34 -1 198 -1 23 -1 15 -1  #SUP: 1156
1735 -1 21 -1 23 -1 15 -1  #SUP: 1207
1735 -1 10 -1 198 -1 23 -1 15 -1  #SUP: 1054
1735 -1 18 -1 15 -1  #SUP: 1055
1735 -1 40 -1  #SUP: 1078
1737 -1 23 -1 15 -1  #SUP: 1094
1737 -1 198 -1 23 -1  #SUP: 1088
